261 984 862
1 108 46 73
1 144 48 98
1 99 332 56
2 34 366 67
3 43 322 51
3 65 181 62
3 65 161 78
3 205 291 99
4 26 174 53
4 3 86 98
4 138 156 60
5 242 24 81
5 216 324 53
5 229 117 63
5 105 83 83
5 208 218 64
5 10 328 90
6 224 118 67
6 197 273 55
6 211 276 79
6 26 98 85
6 26 296 61
6 172 46 71
7 46 306 57
7 183 70 71
7 4 145 70
7 249 78 85
8 211 301 55
8 215 378 96
8 34 128 54
9 60 63 85
9 131 260 71
10 121 365 98
10 101 314 71
11 232 189 59
11 60 247 53
11 189 284 62
11 119 4 59
12 8 263 77
12 164 77 51
12 177 25 77
13 131 273 54
13 37 26 55
14 112 120 89
14 135 259 73
14 42 4 80
14 254 47 64
14 235 292 81
14 160 380 62
15 32 316 70
15 148 51 59
16 111 306 69
16 127 159 51
16 178 154 72
16 169 260 56
16 234 96 72
17 174 263 63
17 203 300 90
17 220 15 99
17 113 255 87
17 221 95 65
18 11 90 75
18 251 74 72
18 180 273 78
18 2 44 91
18 183 306 55
18 38 88 55
18 69 239 96
19 164 134 95
19 102 275 92
19 65 307 66
19 207 87 56
20 220 181 95
20 180 83 82
20 147 301 83
21 249 150 68
21 147 59 94
21 239 192 70
21 71 123 65
21 23 108 69
21 20 347 63
21 15 232 55
22 199 340 61
22 128 389 54
22 83 270 73
22 11 211 65
23 183 88 94
23 228 375 73
24 101 362 55
24 28 386 66
24 241 153 58
25 191 24 69
25 222 203 100
25 65 30 74
25 156 336 65
27 83 392 63
27 96 339 79
27 229 302 82
28 176 340 92
28 245 104 100
30 155 187 58
30 241 255 71
30 164 351 60
30 147 362 79
30 105 387 60
31 176 146 51
31 130 257 64
31 82 392 78
31 100 193 96
31 221 232 53
32 186 40 75
32 30 47 77
33 49 211 91
33 88 128 76
33 10 121 73
34 151 360 80
35 214 393 72
35 4 335 51
35 120 281 77
35 66 205 100
35 243 338 52
35 8 27 60
37 1 322 74
37 234 178 90
37 67 41 98
37 7 334 74
37 193 31 96
38 246 71 82
38 39 238 96
38 123 21 88
39 49 110 76
39 70 160 87
39 134 36 83
40 183 173 93
40 247 326 71
40 170 160 54
40 103 51 66
41 218 84 92
41 137 38 70
41 97 43 70
43 185 106 60
43 234 320 99
43 22 260 66
43 170 90 66
44 91 105 90
44 48 355 55
44 164 329 74
44 11 71 91
45 74 35 54
45 86 42 78
45 106 36 82
45 174 395 52
45 9 67 88
45 96 338 77
45 95 325 69
46 56 221 54
46 130 20 52
46 67 175 87
46 109 289 78
46 89 249 88
47 84 89 58
47 225 216 92
47 94 396 67
47 49 108 74
48 112 95 100
48 190 333 66
48 33 282 58
48 106 12 81
49 188 365 93
49 1 382 86
49 47 169 65
49 256 334 61
50 255 339 82
50 166 320 61
51 157 243 82
51 149 141 52
51 252 130 86
51 82 85 55
52 22 351 55
52 233 232 81
53 110 194 90
53 195 87 78
53 93 209 52
54 147 222 82
54 95 380 80
55 240 357 95
55 114 207 100
55 207 34 85
55 215 43 58
56 91 231 55
56 47 191 56
57 1 239 84
58 236 77 77
58 59 163 52
58 184 217 78
58 7 393 77
59 231 308 67
59 105 341 60
59 110 245 59
59 158 254 52
59 79 58 62
60 220 21 96
60 74 221 89
60 198 190 59
60 36 69 95
60 161 17 51
61 112 107 87
61 104 182 88
61 246 240 85
61 206 90 68
61 121 103 67
62 73 253 62
62 257 137 93
62 32 203 84
62 230 400 99
63 44 394 81
63 67 249 95
63 132 375 77
63 228 87 80
64 102 286 60
64 16 304 99
65 164 37 82
65 177 237 69
65 168 132 100
65 215 122 80
65 107 78 73
65 57 111 75
66 2 238 79
66 74 44 90
67 247 161 52
67 136 15 90
67 211 286 80
67 243 152 75
68 207 357 60
68 51 275 79
68 161 369 93
69 135 25 54
70 74 291 67
70 192 382 61
70 244 170 69
70 52 28 62
70 19 205 93
70 207 218 68
70 161 145 100
71 97 83 77
71 92 72 61
72 217 108 52
72 170 132 53
73 137 340 94
74 32 332 95
74 83 276 58
74 21 186 77
74 48 400 97
75 79 360 81
75 143 166 79
75 257 246 51
75 213 27 87
75 43 58 69
75 157 307 75
75 257 217 55
75 244 271 57
76 199 364 51
76 244 177 54
76 150 2 98
76 222 322 59
76 156 125 79
77 144 116 100
77 33 67 77
78 115 254 98
78 99 78 77
78 161 78 86
78 167 208 76
78 249 361 91
78 137 340 99
79 46 260 71
79 249 11 61
79 122 258 92
80 169 356 81
80 136 84 85
80 207 232 78
80 228 321 75
80 142 359 60
81 37 266 100
81 95 209 88
82 16 355 61
82 54 183 91
82 163 19 78
82 59 353 62
82 155 262 51
82 215 195 93
82 210 294 91
83 184 252 56
83 81 114 53
83 5 296 88
83 29 234 64
83 27 106 95
84 177 54 84
84 21 24 92
84 210 75 69
84 161 227 72
85 3 92 91
86 64 275 51
86 206 87 88
86 175 8 76
86 185 264 76
86 260 257 64
87 238 369 82
87 132 161 84
87 224 29 85
87 184 103 55
87 201 289 99
88 231 321 64
88 18 369 52
88 63 369 93
88 176 356 54
89 34 86 72
89 207 390 98
89 76 195 100
89 187 250 85
89 27 299 91
89 46 220 64
89 216 215 57
90 26 284 71
90 132 135 95
90 170 364 83
90 56 345 90
90 161 31 59
91 14 283 80
92 59 324 56
92 43 25 91
93 47 342 66
93 179 195 82
93 125 152 73
94 26 360 79
95 17 227 58
95 33 152 72
95 19 147 98
95 74 253 64
96 69 314 88
96 143 205 59
96 223 266 51
96 174 219 96
96 130 356 76
97 12 225 70
97 213 163 63
97 32 210 56
97 55 88 92
97 215 40 97
98 10 105 80
98 110 335 72
98 4 132 73
98 73 1 83
99 111 300 93
99 211 74 69
99 129 44 65
100 91 189 75
100 191 30 96
100 42 339 78
100 59 367 99
101 95 83 84
101 38 225 94
102 49 72 67
102 248 170 61
102 155 280 97
103 5 45 93
103 248 24 69
103 220 152 89
103 137 118 54
103 223 108 90
103 23 242 65
104 136 26 91
104 112 157 57
104 66 274 55
104 69 29 82
105 194 181 92
105 143 128 72
105 193 51 98
106 72 91 68
106 105 124 93
107 12 241 90
107 26 350 68
107 161 274 90
108 206 117 53
108 116 398 98
108 84 215 51
109 177 78 61
109 171 144 58
109 117 170 91
109 36 28 100
110 155 347 80
110 117 87 76
110 29 306 52
110 16 308 70
110 131 182 99
110 189 129 62
111 7 331 84
111 78 290 79
111 220 397 57
111 3 85 69
112 232 44 58
112 87 283 71
112 108 145 75
112 11 30 79
112 102 73 53
112 166 250 72
114 33 54 85
114 134 391 74
115 169 280 93
115 236 347 89
115 172 391 57
116 168 324 83
116 238 235 100
116 232 229 89
116 78 275 89
117 43 350 91
117 64 182 84
117 208 127 92
117 77 268 59
117 218 105 62
118 176 188 78
118 41 396 61
119 209 257 79
119 56 18 85
119 188 110 77
119 37 270 67
120 57 114 72
120 150 112 68
120 56 105 66
120 49 366 74
120 114 342 86
121 11 110 77
121 214 130 99
121 208 136 72
121 232 267 78
121 58 230 73
122 228 196 72
122 261 244 60
122 110 388 52
122 121 165 94
123 202 386 56
123 55 282 87
123 113 206 88
124 240 201 58
124 11 110 99
124 160 109 99
124 170 281 55
124 37 166 64
125 8 150 69
125 127 119 92
125 101 179 67
125 203 98 80
125 115 124 97
125 53 229 100
125 258 247 98
126 218 280 85
126 56 394 79
126 173 271 86
126 123 370 86
127 224 253 60
127 105 239 80
129 26 103 68
130 3 342 86
130 193 54 91
130 165 300 76
130 143 231 52
130 261 211 77
130 142 274 58
130 182 260 51
131 61 282 61
131 165 378 99
132 180 235 81
132 51 325 81
133 42 353 59
133 224 39 70
133 107 382 90
133 43 225 65
133 127 187 80
134 41 62 88
134 206 138 56
134 130 11 76
135 136 119 57
135 239 203 58
135 28 325 100
135 212 148 61
135 72 203 61
135 186 397 81
135 74 123 62
135 34 3 58
135 38 117 57
136 75 324 91
136 36 107 60
137 144 207 96
137 25 295 55
137 202 209 92
137 212 272 65
137 31 274 84
137 128 168 77
138 75 191 62
138 19 221 92
138 246 328 81
138 174 200 92
138 186 21 63
138 184 174 86
138 248 274 96
138 78 45 92
139 141 275 56
139 174 188 97
140 29 344 87
140 150 22 64
140 149 257 68
141 9 29 77
141 212 255 86
141 246 136 96
141 240 123 77
141 123 262 70
141 259 16 79
141 143 300 81
142 238 244 69
142 246 179 63
142 256 320 55
142 249 305 79
142 222 182 93
142 51 48 78
142 50 339 55
143 97 173 70
143 145 221 94
143 27 236 56
144 230 397 65
144 55 226 95
144 154 87 97
145 215 278 66
145 132 395 89
145 143 307 66
146 45 306 51
146 111 116 63
146 94 64 96
146 188 330 78
147 251 211 64
147 7 338 51
147 137 359 66
148 1 97 68
148 139 145 51
148 119 170 82
148 188 335 81
149 152 33 82
149 257 287 62
149 113 178 74
150 124 325 86
150 202 168 72
150 40 262 92
150 100 77 88
150 75 120 97
150 194 24 78
150 30 397 65
150 244 139 92
151 71 335 99
151 216 22 74
151 60 175 55
152 184 329 64
152 132 69 73
152 96 141 62
152 88 49 60
152 259 17 76
152 191 177 94
153 84 24 66
153 246 90 57
153 187 136 85
153 238 267 87
153 5 346 99
153 217 193 57
154 151 326 80
154 58 34 65
154 213 142 90
154 163 345 75
154 170 107 92
154 175 252 96
155 178 382 73
155 98 388 53
155 151 309 79
155 52 365 76
156 32 246 68
156 53 285 81
156 120 237 95
157 164 386 70
157 192 212 89
157 213 180 96
158 85 204 75
158 41 248 60
158 189 188 57
159 200 41 96
159 54 190 80
159 61 260 91
159 240 210 53
159 99 141 64
159 195 217 80
160 41 373 69
160 106 227 59
160 91 302 82
160 10 186 79
160 173 180 96
161 158 160 82
161 43 145 98
162 79 301 61
162 93 103 70
163 48 124 61
163 79 16 81
164 140 33 93
164 120 300 76
164 210 352 90
164 71 127 71
164 171 26 63
165 148 375 92
165 188 129 51
165 89 396 56
165 48 203 80
166 239 98 81
167 118 178 95
167 137 152 82
167 109 383 60
167 204 148 89
168 18 108 88
168 84 181 89
169 60 95 55
169 121 14 70
169 26 350 66
169 31 290 64
170 231 357 76
171 225 144 89
171 238 85 74
171 50 40 65
171 41 362 88
172 22 57 79
172 146 268 52
172 2 40 59
172 59 254 100
172 74 244 69
172 98 42 53
172 52 320 86
174 144 10 59
174 97 79 76
174 150 125 71
174 177 270 66
174 109 137 87
175 131 344 67
175 57 329 72
175 208 91 59
175 245 37 65
175 197 353 79
175 167 311 84
175 179 255 79
175 52 320 98
175 219 271 55
176 113 42 80
176 27 364 84
176 12 371 58
177 108 114 79
177 149 364 69
177 22 205 60
177 14 209 83
178 44 343 96
178 174 26 56
178 148 285 86
178 253 43 57
178 120 270 89
178 221 226 56
179 90 101 70
179 247 197 91
179 225 84 52
180 154 145 80
180 147 50 76
180 234 346 68
180 168 303 75
180 79 16 55
181 108 371 59
181 237 384 65
181 103 390 95
182 139 71 57
182 138 87 56
182 237 69 88
182 221 81 58
182 60 129 51
182 162 158 69
182 7 209 93
183 145 145 95
183 180 158 67
183 120 31 77
183 105 355 84
183 133 150 60
183 128 286 87
183 210 131 93
184 9 343 61
184 89 323 98
184 240 230 83
184 99 232 72
184 115 258 57
184 162 395 66
184 35 309 52
184 108 65 57
185 128 60 98
186 33 171 93
187 53 328 75
188 121 240 53
188 67 242 77
189 205 67 54
189 234 274 58
189 46 15 73
189 51 70 66
189 123 23 63
189 157 35 57
189 171 35 51
189 224 81 90
190 119 312 58
190 202 40 90
190 147 217 94
190 129 92 59
191 134 131 78
191 233 64 81
192 100 19 68
192 259 166 51
192 193 258 80
193 186 132 66
193 202 102 59
193 197 18 69
194 250 386 91
194 156 124 99
194 49 212 70
194 129 197 86
194 224 265 85
195 221 4 72
195 115 367 55
195 236 364 94
195 72 374 84
196 41 306 78
196 32 95 94
196 228 313 56
196 28 107 68
197 210 246 58
197 9 324 52
197 9 302 78
198 3 299 60
198 87 269 91
198 184 93 81
198 239 302 59
198 182 215 97
199 30 309 86
199 233 101 60
199 30 11 89
200 130 360 66
200 256 340 96
200 45 160 67
200 38 153 61
201 142 273 73
201 234 96 95
201 169 244 51
201 78 140 99
201 117 342 92
201 141 391 97
202 89 380 78
202 72 74 74
202 161 44 89
202 128 46 59
202 5 267 82
203 52 34 79
203 197 246 81
203 31 190 70
203 150 344 73
204 70 290 77
204 97 280 60
204 9 91 87
204 146 304 52
204 202 215 88
204 149 338 89
204 60 252 91
205 22 80 53
205 17 20 71
205 160 60 82
205 184 346 95
205 72 222 53
205 117 80 70
205 7 88 97
205 16 261 81
206 163 384 86
206 177 322 98
206 193 98 79
207 223 246 67
207 11 23 91
207 5 122 90
207 195 100 55
208 15 41 68
208 106 236 79
208 177 248 92
209 240 105 60
209 124 92 97
209 2 298 70
209 163 42 73
209 247 96 69
210 232 97 57
210 125 113 81
210 213 359 74
210 183 393 61
210 63 174 92
210 207 323 97
211 227 250 57
211 127 347 71
211 205 201 89
212 225 41 96
212 257 230 95
212 129 289 97
212 64 186 66
213 234 399 100
213 235 273 100
214 76 125 68
214 201 243 88
214 253 210 68
215 230 103 92
215 87 58 59
215 40 252 94
216 5 317 56
216 185 278 90
216 109 299 67
216 198 229 66
216 249 116 60
216 205 270 61
216 180 150 68
217 6 144 98
217 81 160 63
217 57 355 54
217 202 293 97
217 15 225 83
217 155 307 99
217 52 266 98
217 80 127 55
218 141 198 78
218 2 325 86
218 158 40 53
219 24 220 96
220 30 236 76
220 78 342 72
220 27 321 78
221 103 190 98
221 155 140 78
221 211 123 69
221 29 281 93
221 238 201 79
221 27 175 70
222 39 263 100
222 116 13 55
223 89 295 56
224 11 91 86
224 102 387 100
224 53 132 72
224 100 231 54
225 171 263 93
225 37 258 71
225 5 363 78
225 115 269 98
226 87 180 89
226 10 377 93
226 251 267 94
226 139 261 90
226 139 399 61
227 165 297 81
227 9 128 64
227 199 110 68
228 174 110 56
228 223 253 93
228 117 394 57
229 120 327 54
229 72 260 78
229 153 7 66
230 146 99 63
230 216 224 61
230 13 110 52
230 154 88 99
230 171 264 61
231 84 20 99
231 63 388 88
231 224 84 56
231 161 381 71
231 18 230 88
231 222 258 91
231 101 133 84
232 245 207 69
232 35 81 66
232 92 185 97
233 93 165 54
233 247 278 53
233 62 396 65
233 166 325 75
233 236 25 61
234 255 194 83
234 182 181 66
234 13 226 67
234 180 333 76
234 221 50 63
235 103 120 79
235 97 216 52
235 9 356 56
236 233 158 98
236 191 171 59
236 189 17 81
236 176 51 94
237 6 75 67
237 242 329 94
237 197 66 98
237 8 10 94
237 156 71 68
238 46 119 64
238 202 136 80
239 230 366 64
239 258 388 65
239 175 105 64
240 19 291 83
240 139 383 76
241 32 239 51
241 26 280 75
242 94 75 73
242 67 214 64
243 179 351 67
243 17 299 94
243 5 359 56
244 105 130 69
244 257 271 93
244 42 264 64
244 126 83 56
245 104 118 70
245 187 331 75
245 165 55 70
245 88 167 70
245 71 291 73
246 121 156 92
246 259 201 92
246 166 348 58
246 190 218 59
246 16 193 99
247 101 196 70
247 109 9 54
247 180 61 78
247 173 90 55
248 78 203 52
248 49 55 65
248 131 267 98
249 130 78 62
249 209 363 61
249 166 388 84
250 259 238 53
250 35 356 63
250 197 338 54
250 139 140 96
251 79 122 68
251 134 272 60
251 26 221 92
252 119 150 84
252 46 367 92
253 174 142 57
253 245 121 61
254 47 356 78
254 246 198 95
254 234 227 83
254 46 371 83
254 135 295 58
255 41 193 71
255 59 247 76
255 193 95 70
255 164 240 93
255 199 326 53
255 259 186 80
256 101 310 61
256 139 147 92
257 32 50 78
257 228 44 75
257 32 249 55
257 31 322 55
257 162 36 64
257 200 198 59
258 214 127 72
258 96 389 75
259 120 20 53
259 21 59 73
259 71 396 54
260 88 50 95
261 81 284 92
261 231 236 93
261 126 7 77
