230 225 159
1 77 385 75
1 192 332 68
2 3 137 59
6 72 302 73
7 217 366 61
7 72 253 72
7 2 328 66
8 203 166 51
12 49 105 92
13 97 367 79
15 1 212 96
16 37 199 52
18 39 315 100
18 24 268 81
19 8 304 51
19 189 12 56
21 44 229 56
22 199 276 68
24 83 104 77
24 171 256 58
25 214 101 73
26 116 376 80
28 208 140 83
28 92 229 100
28 203 213 96
29 122 319 77
30 190 64 63
30 21 298 55
31 190 183 78
31 17 235 63
33 188 349 93
34 55 83 70
35 91 266 99
36 34 320 60
38 56 98 83
38 170 319 67
38 2 314 99
38 153 190 83
38 202 43 59
39 219 70 52
40 157 390 54
41 138 89 80
42 69 72 84
43 206 35 87
44 35 166 56
44 136 82 81
46 3 199 84
46 85 277 61
47 10 129 78
49 75 207 65
50 81 397 69
50 155 333 77
52 170 312 53
52 105 294 85
53 55 12 83
56 13 291 64
57 219 293 92
58 174 387 85
58 202 9 68
60 80 225 74
60 121 149 62
60 4 204 59
60 203 155 72
61 110 370 71
62 157 66 81
62 98 42 95
63 156 336 76
63 42 293 83
64 141 380 74
64 91 223 76
68 82 132 75
69 228 44 85
69 29 220 76
71 72 183 97
72 83 121 73
73 131 152 51
75 172 140 75
75 104 115 67
76 18 196 53
77 206 64 96
78 114 160 92
78 24 167 75
78 164 31 94
79 56 119 96
81 127 242 67
82 190 73 91
84 149 189 57
86 45 395 96
88 8 353 97
88 150 241 84
89 206 156 56
90 146 365 60
90 44 248 67
93 229 286 93
93 100 145 80
98 51 252 74
100 110 265 76
100 175 205 78
102 7 389 79
103 87 368 80
103 150 272 67
104 154 65 59
105 107 174 67
106 80 91 94
106 151 226 73
109 99 199 74
111 196 75 61
114 198 19 67
114 77 116 77
114 136 7 61
114 188 14 100
114 26 230 68
115 19 121 68
116 182 254 72
117 16 235 63
118 192 329 97
119 66 204 93
122 99 124 53
124 189 132 85
124 6 154 78
124 136 19 86
125 60 238 92
126 206 251 70
126 186 395 68
128 82 230 86
128 40 122 56
129 81 195 99
130 117 399 72
130 72 56 53
131 117 74 92
133 146 379 79
134 213 14 74
134 18 225 53
134 217 332 100
134 124 95 85
135 81 11 66
135 215 397 75
136 130 335 51
136 218 351 73
137 55 36 97
138 118 122 51
139 21 30 76
141 28 28 84
141 104 234 88
147 214 294 64
147 87 190 63
148 25 283 57
149 175 61 79
150 140 250 90
151 71 157 96
151 35 268 73
151 158 123 89
152 75 394 93
154 118 273 65
155 143 183 89
156 47 162 84
156 192 124 57
157 58 298 70
159 173 250 85
161 175 357 69
161 30 254 70
162 7 11 82
162 202 149 97
162 227 84 58
163 213 85 83
164 192 12 82
166 88 265 93
167 144 135 61
167 65 314 75
168 57 291 53
175 191 164 73
176 39 149 84
177 166 42 71
178 118 94 77
180 24 8 53
182 199 333 76
182 173 182 88
183 182 144 67
183 103 85 85
184 57 267 95
186 104 396 58
186 22 27 67
187 181 147 70
191 224 342 67
191 217 331 80
192 10 128 78
192 68 251 71
193 182 259 76
193 188 15 72
197 23 382 56
200 178 306 53
201 114 162 80
202 31 72 94
203 182 69 94
203 143 287 60
204 213 289 99
208 160 384 87
208 161 133 97
208 218 59 53
209 34 136 53
209 97 370 62
209 36 351 89
211 59 189 70
211 189 136 84
212 55 106 88
213 67 333 67
214 207 136 85
216 78 372 97
217 107 268 66
217 129 179 85
218 178 110 92
220 198 270 60
221 88 376 60
221 10 122 87
222 230 276 91
223 16 322 75
224 50 242 96
224 129 307 80
226 192 123 78
226 55 393 77
227 117 30 58
227 26 373 57
228 131 354 53
228 31 281 88
228 26 18 83
