20 118 40
1 1 5 10
1 2 40 100
1 3 2 1
1 4 10 2
1 5 2 10
1 6 5 1
1 7 30 1
2 2 5 30
2 3 1 1
2 4 10 2
2 5 40 2
2 6 30 10
2 7 1 10
2 8 30 10
3 3 30 30
3 4 1 2
3 5 40 5
3 6 2 30
3 7 20 10
3 8 20 2
3 9 1 10
4 4 40 5
4 5 30 100
4 6 1 5
4 7 10 30
4 8 5 2
4 9 2 30
4 10 10 5
5 5 30 30
5 6 20 2
5 7 30 10
5 8 10 100
5 9 1 30
5 10 5 2
5 11 20 5
6 6 30 1
6 7 2 30
6 8 2 30
6 9 2 10
6 10 30 30
6 11 1 2
6 12 5 10
7 7 20 50
7 8 5 100
7 9 1 1
7 10 30 1
7 11 5 2
7 12 2 1
7 13 2 10
8 8 40 100
8 9 20 2
8 10 10 10
8 11 20 10
8 12 5 100
8 13 2 2
8 14 2 5
9 9 20 100
9 10 20 2
9 11 10 50
9 12 1 2
9 13 2 5
9 14 40 5
9 15 1 100
10 10 2 30
10 11 40 30
10 12 10 30
10 13 10 10
10 14 40 1
10 15 5 100
10 16 30 50
11 11 20 10
11 12 20 10
11 13 10 1
11 14 10 100
11 15 30 10
11 16 40 100
11 17 40 5
12 12 5 5
12 13 30 30
12 14 1 10
12 15 1 1
12 16 20 100
12 17 2 30
12 18 5 10
13 13 30 10
13 14 1 50
13 15 1 100
13 16 1 30
13 17 40 5
13 18 5 100
13 19 40 50
14 14 10 50
14 15 1 50
14 16 10 30
14 17 20 10
14 18 5 100
14 19 2 30
14 20 30 100
15 15 5 2
15 16 30 50
15 17 10 2
15 18 5 2
15 19 30 10
15 20 40 1
16 16 5 50
16 17 40 10
16 18 30 30
16 19 40 10
16 20 5 2
17 17 10 1
17 18 2 10
17 19 40 5
17 20 10 100
18 18 20 50
18 19 40 30
18 20 30 5
19 19 40 10
19 20 2 50
