2 1000 700
1 2 935 56
1 2 984 53
1 2 990 84
1 2 759 55
1 2 612 74
1 2 525 62
1 2 771 90
1 2 959 89
1 2 778 53
1 2 865 54
1 2 811 86
1 2 986 91
1 2 805 61
1 2 995 61
1 2 561 60
1 2 883 65
1 2 927 55
1 2 622 81
1 2 929 58
1 2 715 71
1 2 778 66
1 2 831 61
1 2 591 91
1 2 606 61
1 2 603 67
1 2 896 67
1 2 739 85
1 2 742 62
1 2 986 60
1 2 879 56
1 2 721 72
1 2 891 73
1 2 660 97
1 2 673 61
1 2 973 57
1 2 878 94
1 2 858 97
1 2 721 58
1 2 560 62
1 2 792 90
1 2 747 53
1 2 1000 63
1 2 731 82
1 2 822 62
1 2 576 78
1 2 826 93
1 2 589 91
1 2 895 75
1 2 921 94
1 2 675 84
1 2 580 58
1 2 618 85
1 2 736 71
1 2 557 60
1 2 948 68
1 2 923 72
1 2 798 58
1 2 891 96
1 2 652 70
1 2 750 58
1 2 670 90
1 2 788 87
1 2 794 61
1 2 831 76
1 2 802 81
1 2 648 99
1 2 886 87
1 2 736 77
1 2 838 79
1 2 667 82
1 2 608 92
1 2 764 83
1 2 663 68
1 2 749 52
1 2 815 59
1 2 816 73
1 2 624 64
1 2 767 71
1 2 775 97
1 2 521 62
1 2 733 88
1 2 973 92
1 2 911 77
1 2 667 52
1 2 529 78
1 2 923 92
1 2 783 64
1 2 757 94
1 2 975 58
1 2 594 71
1 2 995 57
1 2 650 67
1 2 685 82
1 2 919 84
1 2 592 98
1 2 642 93
1 2 543 74
1 2 803 93
1 2 654 68
1 2 714 79
1 2 571 97
1 2 904 84
1 2 984 54
1 2 711 88
1 2 867 61
1 2 800 80
1 2 537 60
1 2 537 78
1 2 513 92
1 2 609 74
1 2 900 54
1 2 894 72
1 2 955 69
1 2 704 68
1 2 833 60
1 2 865 64
1 2 930 99
1 2 974 58
1 2 991 51
1 2 724 64
1 2 953 54
1 2 916 84
1 2 534 93
1 2 847 70
1 2 763 88
1 2 542 80
1 2 527 61
1 2 914 81
1 2 605 60
1 2 525 93
1 2 627 59
1 2 531 97
1 2 867 88
1 2 708 77
1 2 884 99
1 2 529 62
1 2 682 66
1 2 757 95
1 2 511 93
1 2 829 64
1 2 663 83
1 2 600 62
1 2 727 62
1 2 576 57
1 2 948 62
1 2 979 73
1 2 920 100
1 2 949 58
1 2 623 97
1 2 677 100
1 2 569 82
1 2 949 96
1 2 564 82
1 2 526 67
1 2 611 82
1 2 936 91
1 2 764 84
1 2 801 99
1 2 622 92
1 2 715 90
1 2 624 82
1 2 502 58
1 2 654 81
1 2 532 64
1 2 672 58
1 2 501 90
1 2 831 51
1 2 839 99
1 2 952 94
1 2 616 69
1 2 655 59
1 2 776 69
1 2 718 59
1 2 921 65
1 2 949 64
1 2 921 75
1 2 735 100
1 2 676 93
1 2 835 79
1 2 914 59
1 2 708 70
1 2 588 87
1 2 704 77
1 2 838 74
1 2 852 96
1 2 540 73
1 2 736 80
1 2 587 54
1 2 895 93
1 2 659 67
1 2 841 61
1 2 619 86
1 2 746 81
1 2 677 97
1 2 559 55
1 2 705 86
1 2 727 85
1 2 817 51
1 2 790 91
1 2 895 71
1 2 922 92
1 2 660 80
1 2 767 84
1 2 929 86
1 2 969 80
1 2 803 82
1 2 873 90
1 2 960 85
1 2 872 93
1 2 737 71
1 2 693 92
1 2 777 54
1 2 996 62
1 2 688 52
1 2 813 52
1 2 753 100
1 2 742 51
1 2 610 75
1 2 735 57
1 2 989 80
1 2 893 67
1 2 668 59
1 2 893 97
1 2 659 78
1 2 917 86
1 2 948 98
1 2 970 56
1 2 578 66
1 2 504 71
1 2 996 70
1 2 844 73
1 2 819 62
1 2 783 79
1 2 751 60
1 2 629 100
1 2 584 95
1 2 937 62
1 2 622 92
1 2 604 86
1 2 785 51
1 2 924 78
1 2 972 71
1 2 968 80
1 2 650 74
1 2 520 68
1 2 544 53
1 2 583 51
1 2 761 91
1 2 721 58
1 2 808 73
1 2 514 51
1 2 765 92
1 2 594 73
1 2 649 52
1 2 986 78
1 2 512 92
1 2 841 69
1 2 805 97
1 2 856 68
1 2 554 70
1 2 630 51
1 2 561 66
1 2 881 69
1 2 774 85
1 2 547 51
1 2 939 65
1 2 840 86
1 2 507 67
1 2 562 63
1 2 747 77
1 2 777 88
1 2 924 62
1 2 965 66
1 2 959 53
1 2 783 100
1 2 584 58
1 2 944 62
1 2 593 70
1 2 575 100
1 2 898 93
1 2 641 72
1 2 630 77
1 2 936 57
1 2 697 73
1 2 502 73
1 2 509 89
1 2 543 78
1 2 569 93
1 2 520 69
1 2 997 93
1 2 667 52
1 2 681 63
1 2 919 98
1 2 856 76
1 2 606 72
1 2 796 69
1 2 846 67
1 2 941 98
1 2 855 85
1 2 924 100
1 2 756 90
1 2 930 67
1 2 865 54
1 2 817 77
1 2 662 63
1 2 711 84
1 2 570 83
1 2 844 81
1 2 576 88
1 2 970 70
1 2 513 72
1 2 552 85
1 2 775 67
1 2 960 91
1 2 696 69
1 2 570 56
1 2 749 89
1 2 604 64
1 2 889 84
1 2 861 56
1 2 648 73
1 2 676 66
1 2 840 69
1 2 749 87
1 2 969 71
1 2 746 74
1 2 555 74
1 2 834 98
1 2 965 90
1 2 918 83
1 2 676 71
1 2 839 81
1 2 862 55
1 2 713 89
1 2 979 92
1 2 957 92
1 2 644 60
1 2 684 64
1 2 576 52
1 2 946 61
1 2 727 59
1 2 827 74
1 2 576 89
1 2 520 51
1 2 690 88
1 2 766 82
1 2 732 95
1 2 928 67
1 2 866 88
1 2 555 93
1 2 503 59
1 2 647 87
1 2 956 91
1 2 634 62
1 2 736 52
1 2 980 61
1 2 673 66
1 2 870 79
1 2 827 61
1 2 750 78
1 2 723 64
1 2 904 80
1 2 934 95
1 2 694 64
1 2 533 86
1 2 962 74
1 2 632 70
1 2 994 73
1 2 929 86
1 2 838 72
1 2 663 77
1 2 570 62
1 2 991 63
1 2 925 84
1 2 868 97
1 2 720 90
1 2 974 52
1 2 775 51
1 2 967 67
1 2 694 81
1 2 542 99
1 2 786 65
1 2 858 73
1 2 508 88
1 2 600 80
1 2 583 94
1 2 805 52
1 2 743 86
1 2 610 83
1 2 633 96
1 2 639 55
1 2 670 78
1 2 520 54
1 2 776 82
1 2 577 66
1 2 931 94
1 2 901 66
1 2 717 88
1 2 868 53
1 2 590 90
1 2 636 59
1 2 681 85
1 2 710 75
1 2 591 59
1 2 510 98
1 2 652 68
1 2 698 66
1 2 790 60
1 2 595 63
1 2 753 74
1 2 837 88
1 2 865 96
1 2 521 72
1 2 687 85
1 2 657 55
1 2 713 77
1 2 845 87
1 2 671 85
1 2 793 79
1 2 857 99
1 2 678 54
1 2 726 77
1 2 830 70
1 2 581 69
1 2 768 63
1 2 902 85
1 2 896 53
1 2 858 94
1 2 926 69
1 2 985 72
1 2 534 55
1 2 820 72
1 2 597 90
1 2 913 75
1 2 885 93
1 2 781 84
1 2 853 95
1 2 558 89
1 2 998 98
1 2 685 88
1 2 850 78
1 2 978 55
1 2 766 70
1 2 652 79
1 2 971 51
1 2 749 89
1 2 657 79
1 2 739 54
1 2 701 73
1 2 950 91
1 2 810 100
1 2 583 51
1 2 867 65
1 2 701 86
1 2 841 100
1 2 911 99
1 2 632 58
1 2 918 81
1 2 969 99
1 2 881 77
1 2 688 96
1 2 770 89
1 2 927 74
1 2 916 70
1 2 656 52
1 2 686 68
1 2 580 65
1 2 946 63
1 2 843 74
1 2 641 58
1 2 723 53
1 2 957 76
1 2 742 96
1 2 772 55
1 2 861 54
1 2 516 59
1 2 771 88
1 2 805 51
1 2 557 90
1 2 804 61
1 2 927 66
1 2 876 68
1 2 797 52
1 2 689 77
1 2 926 93
1 2 819 58
1 2 608 55
1 2 676 76
1 2 767 89
1 2 860 89
1 2 531 99
1 2 650 98
1 2 502 99
1 2 777 93
1 2 630 85
1 2 679 69
1 2 970 67
1 2 667 88
1 2 727 85
1 2 704 69
2 1 1 1
2 1 2 3
2 1 3 3
2 1 4 7
2 1 5 5
2 1 6 3
2 1 7 6
2 1 8 7
2 1 9 1
2 1 10 8
2 1 11 4
2 1 12 4
2 1 13 8
2 1 14 10
2 1 15 8
2 1 16 4
2 1 17 5
2 1 18 6
2 1 19 8
2 1 20 7
2 1 21 7
2 1 22 4
2 1 23 5
2 1 24 9
2 1 25 9
2 1 26 1
2 1 27 9
2 1 28 2
2 1 29 2
2 1 30 4
2 1 31 4
2 1 32 10
2 1 33 8
2 1 34 1
2 1 35 2
2 1 36 7
2 1 37 5
2 1 38 2
2 1 39 9
2 1 40 1
2 1 41 9
2 1 42 5
2 1 43 9
2 1 44 10
2 1 45 8
2 1 46 4
2 1 47 2
2 1 48 10
2 1 49 6
2 1 50 1
2 1 51 8
2 1 52 4
2 1 53 9
2 1 54 4
2 1 55 6
2 1 56 10
2 1 57 2
2 1 58 2
2 1 59 3
2 1 60 6
2 1 61 8
2 1 62 8
2 1 63 8
2 1 64 9
2 1 65 3
2 1 66 6
2 1 67 10
2 1 68 6
2 1 69 9
2 1 70 2
2 1 71 3
2 1 72 7
2 1 73 7
2 1 74 3
2 1 75 5
2 1 76 4
2 1 77 6
2 1 78 7
2 1 79 7
2 1 80 2
2 1 81 10
2 1 82 3
2 1 83 4
2 1 84 5
2 1 85 4
2 1 86 3
2 1 87 8
2 1 88 3
2 1 89 5
2 1 90 8
2 1 91 10
2 1 92 1
2 1 93 10
2 1 94 4
2 1 95 4
2 1 96 7
2 1 97 8
2 1 98 4
2 1 99 10
2 1 100 10
2 1 101 7
2 1 102 1
2 1 103 5
2 1 104 2
2 1 105 6
2 1 106 10
2 1 107 1
2 1 108 4
2 1 109 9
2 1 110 8
2 1 111 9
2 1 112 4
2 1 113 4
2 1 114 10
2 1 115 7
2 1 116 6
2 1 117 3
2 1 118 10
2 1 119 1
2 1 120 4
2 1 121 4
2 1 122 6
2 1 123 8
2 1 124 6
2 1 125 8
2 1 126 5
2 1 127 2
2 1 128 3
2 1 129 2
2 1 130 5
2 1 131 7
2 1 132 5
2 1 133 4
2 1 134 2
2 1 135 7
2 1 136 3
2 1 137 3
2 1 138 2
2 1 139 7
2 1 140 3
2 1 141 3
2 1 142 5
2 1 143 9
2 1 144 3
2 1 145 1
2 1 146 8
2 1 147 1
2 1 148 7
2 1 149 8
2 1 150 10
2 1 151 4
2 1 152 5
2 1 153 8
2 1 154 5
2 1 155 3
2 1 156 3
2 1 157 10
2 1 158 6
2 1 159 1
2 1 160 5
2 1 161 3
2 1 162 5
2 1 163 7
2 1 164 5
2 1 165 8
2 1 166 6
2 1 167 3
2 1 168 4
2 1 169 1
2 1 170 1
2 1 171 9
2 1 172 10
2 1 173 6
2 1 174 3
2 1 175 1
2 1 176 4
2 1 177 2
2 1 178 9
2 1 179 10
2 1 180 10
2 1 181 2
2 1 182 1
2 1 183 10
2 1 184 5
2 1 185 7
2 1 186 10
2 1 187 6
2 1 188 1
2 1 189 10
2 1 190 3
2 1 191 8
2 1 192 6
2 1 193 10
2 1 194 10
2 1 195 8
2 1 196 3
2 1 197 1
2 1 198 10
2 1 199 6
2 1 200 8
2 1 201 2
2 1 202 10
2 1 203 6
2 1 204 5
2 1 205 2
2 1 206 1
2 1 207 10
2 1 208 2
2 1 209 6
2 1 210 7
2 1 211 9
2 1 212 4
2 1 213 5
2 1 214 2
2 1 215 9
2 1 216 1
2 1 217 10
2 1 218 6
2 1 219 7
2 1 220 5
2 1 221 10
2 1 222 3
2 1 223 3
2 1 224 4
2 1 225 7
2 1 226 5
2 1 227 7
2 1 228 1
2 1 229 9
2 1 230 9
2 1 231 2
2 1 232 10
2 1 233 5
2 1 234 3
2 1 235 5
2 1 236 8
2 1 237 1
2 1 238 5
2 1 239 2
2 1 240 2
2 1 241 4
2 1 242 5
2 1 243 7
2 1 244 1
2 1 245 5
2 1 246 2
2 1 247 1
2 1 248 1
2 1 249 6
2 1 250 8
2 1 251 3
2 1 252 2
2 1 253 8
2 1 254 7
2 1 255 6
2 1 256 5
2 1 257 9
2 1 258 10
2 1 259 7
2 1 260 3
2 1 261 10
2 1 262 1
2 1 263 10
2 1 264 1
2 1 265 8
2 1 266 1
2 1 267 6
2 1 268 7
2 1 269 4
2 1 270 6
2 1 271 9
2 1 272 2
2 1 273 2
2 1 274 8
2 1 275 8
2 1 276 5
2 1 277 10
2 1 278 10
2 1 279 1
2 1 280 2
2 1 281 8
2 1 282 9
2 1 283 3
2 1 284 3
2 1 285 8
2 1 286 3
2 1 287 4
2 1 288 1
2 1 289 5
2 1 290 7
2 1 291 1
2 1 292 9
2 1 293 2
2 1 294 7
2 1 295 4
2 1 296 6
2 1 297 10
2 1 298 8
2 1 299 6
2 1 300 8
2 1 301 4
2 1 302 7
2 1 303 8
2 1 304 5
2 1 305 9
2 1 306 8
2 1 307 9
2 1 308 8
2 1 309 2
2 1 310 10
2 1 311 3
2 1 312 9
2 1 313 7
2 1 314 8
2 1 315 3
2 1 316 2
2 1 317 8
2 1 318 4
2 1 319 5
2 1 320 6
2 1 321 10
2 1 322 1
2 1 323 1
2 1 324 5
2 1 325 7
2 1 326 2
2 1 327 6
2 1 328 6
2 1 329 4
2 1 330 2
2 1 331 2
2 1 332 10
2 1 333 5
2 1 334 7
2 1 335 1
2 1 336 6
2 1 337 3
2 1 338 7
2 1 339 8
2 1 340 8
2 1 341 9
2 1 342 7
2 1 343 3
2 1 344 9
2 1 345 4
2 1 346 10
2 1 347 9
2 1 348 2
2 1 349 10
2 1 350 5
2 1 351 1
2 1 352 3
2 1 353 3
2 1 354 10
2 1 355 3
2 1 356 10
2 1 357 1
2 1 358 8
2 1 359 9
2 1 360 1
2 1 361 6
2 1 362 7
2 1 363 6
2 1 364 1
2 1 365 6
2 1 366 6
2 1 367 9
2 1 368 6
2 1 369 5
2 1 370 3
2 1 371 1
2 1 372 2
2 1 373 3
2 1 374 10
2 1 375 3
2 1 376 7
2 1 377 10
2 1 378 4
2 1 379 8
2 1 380 3
2 1 381 9
2 1 382 2
2 1 383 3
2 1 384 8
2 1 385 3
2 1 386 4
2 1 387 8
2 1 388 10
2 1 389 2
2 1 390 5
2 1 391 6
2 1 392 10
2 1 393 5
2 1 394 7
2 1 395 2
2 1 396 3
2 1 397 10
2 1 398 8
2 1 399 9
2 1 400 10
2 1 401 7
2 1 402 4
2 1 403 8
2 1 404 6
2 1 405 4
2 1 406 3
2 1 407 1
2 1 408 4
2 1 409 4
2 1 410 7
2 1 411 3
2 1 412 3
2 1 413 9
2 1 414 2
2 1 415 6
2 1 416 10
2 1 417 5
2 1 418 6
2 1 419 3
2 1 420 3
2 1 421 2
2 1 422 6
2 1 423 7
2 1 424 6
2 1 425 9
2 1 426 1
2 1 427 3
2 1 428 10
2 1 429 9
2 1 430 9
2 1 431 3
2 1 432 8
2 1 433 4
2 1 434 5
2 1 435 1
2 1 436 8
2 1 437 9
2 1 438 7
2 1 439 7
2 1 440 8
2 1 441 5
2 1 442 1
2 1 443 5
2 1 444 2
2 1 445 5
2 1 446 4
2 1 447 8
2 1 448 6
2 1 449 7
2 1 450 8
2 1 451 1
2 1 452 7
2 1 453 5
2 1 454 9
2 1 455 2
2 1 456 6
2 1 457 6
2 1 458 8
2 1 459 2
2 1 460 4
2 1 461 4
2 1 462 4
2 1 463 1
2 1 464 9
2 1 465 9
2 1 466 10
2 1 467 10
2 1 468 6
2 1 469 10
2 1 470 4
2 1 471 3
2 1 472 4
2 1 473 3
2 1 474 6
2 1 475 4
2 1 476 7
2 1 477 5
2 1 478 7
2 1 479 1
2 1 480 1
2 1 481 10
2 1 482 8
2 1 483 10
2 1 484 8
2 1 485 4
2 1 486 8
2 1 487 2
2 1 488 7
2 1 489 7
2 1 490 10
2 1 491 3
2 1 492 6
2 1 493 9
2 1 494 9
2 1 495 1
2 1 496 10
2 1 497 1
2 1 498 5
2 1 499 8
2 1 500 4
