500 997 499
1 2 1 58
1 3 2 98
2 3 1 66
2 4 2 53
3 4 1 36
3 5 2 4
4 5 1 27
4 6 2 63
5 6 1 29
5 7 2 34
6 7 1 61
6 8 2 72
7 8 1 79
7 9 2 25
8 9 1 30
8 10 2 81
9 10 1 38
9 11 2 70
10 11 1 71
10 12 2 51
11 12 1 81
11 13 2 75
12 13 1 33
12 14 2 24
13 14 1 24
13 15 2 18
14 15 1 7
14 16 2 35
15 16 1 21
15 17 2 14
16 17 1 49
16 18 2 22
17 18 1 64
17 19 2 11
18 19 1 92
18 20 2 79
19 20 1 93
19 21 2 83
20 21 1 69
20 22 2 26
21 22 1 29
21 23 2 14
22 23 1 76
22 24 2 45
23 24 1 89
23 25 2 30
24 25 1 89
24 26 2 26
25 26 1 80
25 27 2 65
26 27 1 45
26 28 2 86
27 28 1 53
27 29 2 44
28 29 1 7
28 30 2 19
29 30 1 8
29 31 2 54
30 31 1 99
30 32 2 77
31 32 1 49
31 33 2 69
32 33 1 57
32 34 2 10
33 34 1 6
33 35 2 25
34 35 1 35
34 36 2 81
35 36 1 83
35 37 2 15
36 37 1 72
36 38 2 35
37 38 1 57
37 39 2 88
38 39 1 65
38 40 2 73
39 40 1 65
39 41 2 64
40 41 1 30
40 42 2 38
41 42 1 72
41 43 2 82
42 43 1 26
42 44 2 64
43 44 1 74
43 45 2 42
44 45 1 37
44 46 2 68
45 46 1 98
45 47 2 2
46 47 1 34
46 48 2 71
47 48 1 9
47 49 2 98
48 49 1 61
48 50 2 48
49 50 1 52
49 51 2 55
50 51 1 91
50 52 2 71
51 52 1 18
51 53 2 51
52 53 1 29
52 54 2 92
53 54 1 43
53 55 2 43
54 55 1 72
54 56 2 34
55 56 1 14
55 57 2 1
56 57 1 26
56 58 2 59
57 58 1 65
57 59 2 29
58 59 1 94
58 60 2 100
59 60 1 26
59 61 2 28
60 61 1 34
60 62 2 29
61 62 1 60
61 63 2 85
62 63 1 6
62 64 2 16
63 64 1 20
63 65 2 4
64 65 1 62
64 66 2 20
65 66 1 22
65 67 2 36
66 67 1 16
66 68 2 22
67 68 1 20
67 69 2 85
68 69 1 56
68 70 2 55
69 70 1 49
69 71 2 91
70 71 1 25
70 72 2 72
71 72 1 32
71 73 2 30
72 73 1 56
72 74 2 7
73 74 1 68
73 75 2 67
74 75 1 33
74 76 2 43
75 76 1 52
75 77 2 87
76 77 1 58
76 78 2 75
77 78 1 40
77 79 2 35
78 79 1 81
78 80 2 72
79 80 1 2
79 81 2 33
80 81 1 83
80 82 2 46
81 82 1 24
81 83 2 87
82 83 1 62
82 84 2 5
83 84 1 59
83 85 2 81
84 85 1 47
84 86 2 17
85 86 1 60
85 87 2 40
86 87 1 20
86 88 2 47
87 88 1 80
87 89 2 99
88 89 1 73
88 90 2 63
89 90 1 25
89 91 2 10
90 91 1 71
90 92 2 100
91 92 1 77
91 93 2 43
92 93 1 3
92 94 2 51
93 94 1 99
93 95 2 85
94 95 1 41
94 96 2 88
95 96 1 84
95 97 2 78
96 97 1 76
96 98 2 49
97 98 1 61
97 99 2 81
98 99 1 81
98 100 2 85
99 100 1 70
99 101 2 45
100 101 1 21
100 102 2 86
101 102 1 4
101 103 2 67
102 103 1 69
102 104 2 20
103 104 1 76
103 105 2 35
104 105 1 81
104 106 2 51
105 106 1 24
105 107 2 36
106 107 1 5
106 108 2 15
107 108 1 99
107 109 2 75
108 109 1 98
108 110 2 95
109 110 1 97
109 111 2 45
110 111 1 96
110 112 2 55
111 112 1 77
111 113 2 70
112 113 1 74
112 114 2 7
113 114 1 90
113 115 2 91
114 115 1 78
114 116 2 53
115 116 1 61
115 117 2 95
116 117 1 36
116 118 2 39
117 118 1 73
117 119 2 62
118 119 1 100
118 120 2 27
119 120 1 14
119 121 2 46
120 121 1 42
120 122 2 47
121 122 1 92
121 123 2 72
122 123 1 81
122 124 2 49
123 124 1 20
123 125 2 12
124 125 1 65
124 126 2 64
125 126 1 41
125 127 2 5
126 127 1 84
126 128 2 82
127 128 1 57
127 129 2 3
128 129 1 61
128 130 2 82
129 130 1 7
129 131 2 42
130 131 1 31
130 132 2 10
131 132 1 73
131 133 2 79
132 133 1 68
132 134 2 70
133 134 1 30
133 135 2 91
134 135 1 97
134 136 2 54
135 136 1 50
135 137 2 42
136 137 1 87
136 138 2 95
137 138 1 99
137 139 2 90
138 139 1 16
138 140 2 89
139 140 1 32
139 141 2 81
140 141 1 52
140 142 2 2
141 142 1 85
141 143 2 31
142 143 1 92
142 144 2 80
143 144 1 53
143 145 2 54
144 145 1 16
144 146 2 36
145 146 1 24
145 147 2 56
146 147 1 1
146 148 2 3
147 148 1 17
147 149 2 3
148 149 1 90
148 150 2 35
149 150 1 77
149 151 2 21
150 151 1 16
150 152 2 88
151 152 1 58
151 153 2 65
152 153 1 98
152 154 2 63
153 154 1 99
153 155 2 94
154 155 1 63
154 156 2 56
155 156 1 61
155 157 2 63
156 157 1 38
156 158 2 65
157 158 1 23
157 159 2 53
158 159 1 48
158 160 2 13
159 160 1 39
159 161 2 70
160 161 1 12
160 162 2 67
161 162 1 84
161 163 2 23
162 163 1 85
162 164 2 56
163 164 1 9
163 165 2 41
164 165 1 30
164 166 2 28
165 166 1 88
165 167 2 100
166 167 1 62
166 168 2 94
167 168 1 76
167 169 2 60
168 169 1 59
168 170 2 2
169 170 1 88
169 171 2 9
170 171 1 28
170 172 2 17
171 172 1 13
171 173 2 74
172 173 1 20
172 174 2 92
173 174 1 24
173 175 2 74
174 175 1 7
174 176 2 26
175 176 1 61
175 177 2 4
176 177 1 20
176 178 2 56
177 178 1 72
177 179 2 22
178 179 1 77
178 180 2 98
179 180 1 49
179 181 2 13
180 181 1 23
180 182 2 44
181 182 1 67
181 183 2 28
182 183 1 81
182 184 2 66
183 184 1 47
183 185 2 14
184 185 1 88
184 186 2 90
185 186 1 52
185 187 2 5
186 187 1 72
186 188 2 29
187 188 1 23
187 189 2 86
188 189 1 58
188 190 2 37
189 190 1 35
189 191 2 66
190 191 1 95
190 192 2 22
191 192 1 39
191 193 2 40
192 193 1 53
192 194 2 59
193 194 1 44
193 195 2 53
194 195 1 90
194 196 2 28
195 196 1 34
195 197 2 1
196 197 1 73
196 198 2 75
197 198 1 88
197 199 2 57
198 199 1 14
198 200 2 72
199 200 1 4
199 201 2 52
200 201 1 98
200 202 2 17
201 202 1 13
201 203 2 80
202 203 1 24
202 204 2 67
203 204 1 3
203 205 2 90
204 205 1 74
204 206 2 87
205 206 1 66
205 207 2 30
206 207 1 39
206 208 2 25
207 208 1 3
207 209 2 70
208 209 1 87
208 210 2 8
209 210 1 60
209 211 2 28
210 211 1 93
210 212 2 63
211 212 1 59
211 213 2 59
212 213 1 9
212 214 2 16
213 214 1 57
213 215 2 95
214 215 1 22
214 216 2 58
215 216 1 9
215 217 2 74
216 217 1 75
216 218 2 37
217 218 1 29
217 219 2 77
218 219 1 22
218 220 2 35
219 220 1 98
219 221 2 86
220 221 1 23
220 222 2 89
221 222 1 59
221 223 2 52
222 223 1 71
222 224 2 92
223 224 1 75
223 225 2 57
224 225 1 13
224 226 2 35
225 226 1 100
225 227 2 28
226 227 1 88
226 228 2 38
227 228 1 72
227 229 2 43
228 229 1 99
228 230 2 37
229 230 1 67
229 231 2 35
230 231 1 59
230 232 2 7
231 232 1 88
231 233 2 15
232 233 1 87
232 234 2 80
233 234 1 53
233 235 2 12
234 235 1 8
234 236 2 18
235 236 1 51
235 237 2 24
236 237 1 55
236 238 2 37
237 238 1 47
237 239 2 66
238 239 1 15
238 240 2 11
239 240 1 78
239 241 2 41
240 241 1 79
240 242 2 79
241 242 1 19
241 243 2 95
242 243 1 17
242 244 2 33
243 244 1 14
243 245 2 19
244 245 1 18
244 246 2 52
245 246 1 42
245 247 2 40
246 247 1 90
246 248 2 40
247 248 1 65
247 249 2 53
248 249 1 65
248 250 2 99
249 250 1 20
249 251 2 85
250 251 1 28
250 252 2 15
251 252 1 2
251 253 2 66
252 253 1 26
252 254 2 37
253 254 1 30
253 255 2 55
254 255 1 43
254 256 2 89
255 256 1 33
255 257 2 100
256 257 1 42
256 258 2 26
257 258 1 34
257 259 2 15
258 259 1 50
258 260 2 93
259 260 1 88
259 261 2 85
260 261 1 11
260 262 2 30
261 262 1 70
261 263 2 58
262 263 1 80
262 264 2 99
263 264 1 22
263 265 2 61
264 265 1 78
264 266 2 22
265 266 1 61
265 267 2 36
266 267 1 56
266 268 2 58
267 268 1 68
267 269 2 93
268 269 1 9
268 270 2 50
269 270 1 87
269 271 2 31
270 271 1 6
270 272 2 82
271 272 1 26
271 273 2 80
272 273 1 61
272 274 2 79
273 274 1 9
273 275 2 87
274 275 1 69
274 276 2 45
275 276 1 86
275 277 2 29
276 277 1 17
276 278 2 35
277 278 1 94
277 279 2 73
278 279 1 43
278 280 2 44
279 280 1 1
279 281 2 98
280 281 1 33
280 282 2 33
281 282 1 95
281 283 2 22
282 283 1 34
282 284 2 20
283 284 1 48
283 285 2 4
284 285 1 60
284 286 2 12
285 286 1 80
285 287 2 98
286 287 1 54
286 288 2 79
287 288 1 39
287 289 2 93
288 289 1 25
288 290 2 53
289 290 1 16
289 291 2 7
290 291 1 13
290 292 2 6
291 292 1 1
291 293 2 56
292 293 1 57
292 294 2 19
293 294 1 84
293 295 2 9
294 295 1 17
294 296 2 93
295 296 1 49
295 297 2 14
296 297 1 87
296 298 2 20
297 298 1 35
297 299 2 49
298 299 1 44
298 300 2 4
299 300 1 2
299 301 2 44
300 301 1 58
300 302 2 79
301 302 1 23
301 303 2 68
302 303 1 74
302 304 2 11
303 304 1 36
303 305 2 1
304 305 1 50
304 306 2 86
305 306 1 90
305 307 2 67
306 307 1 33
306 308 2 43
307 308 1 71
307 309 2 34
308 309 1 26
308 310 2 38
309 310 1 62
309 311 2 18
310 311 1 32
310 312 2 93
311 312 1 7
311 313 2 89
312 313 1 39
312 314 2 43
313 314 1 85
313 315 2 43
314 315 1 37
314 316 2 63
315 316 1 22
315 317 2 17
316 317 1 83
316 318 2 43
317 318 1 97
317 319 2 38
318 319 1 50
318 320 2 58
319 320 1 51
319 321 2 74
320 321 1 63
320 322 2 76
321 322 1 28
321 323 2 100
322 323 1 47
322 324 2 40
323 324 1 78
323 325 2 31
324 325 1 13
324 326 2 16
325 326 1 4
325 327 2 5
326 327 1 66
326 328 2 97
327 328 1 57
327 329 2 21
328 329 1 58
328 330 2 70
329 330 1 97
329 331 2 31
330 331 1 36
330 332 2 20
331 332 1 69
331 333 2 46
332 333 1 60
332 334 2 76
333 334 1 29
333 335 2 62
334 335 1 59
334 336 2 97
335 336 1 98
335 337 2 28
336 337 1 65
336 338 2 4
337 338 1 58
337 339 2 44
338 339 1 14
338 340 2 50
339 340 1 29
339 341 2 6
340 341 1 61
340 342 2 93
341 342 1 76
341 343 2 37
342 343 1 97
342 344 2 55
343 344 1 5
343 345 2 64
344 345 1 31
344 346 2 81
345 346 1 62
345 347 2 1
346 347 1 23
346 348 2 64
347 348 1 41
347 349 2 8
348 349 1 61
348 350 2 66
349 350 1 81
349 351 2 86
350 351 1 91
350 352 2 99
351 352 1 40
351 353 2 21
352 353 1 71
352 354 2 6
353 354 1 16
353 355 2 73
354 355 1 61
354 356 2 48
355 356 1 29
355 357 2 88
356 357 1 51
356 358 2 13
357 358 1 100
357 359 2 65
358 359 1 83
358 360 2 3
359 360 1 75
359 361 2 26
360 361 1 19
360 362 2 3
361 362 1 81
361 363 2 74
362 363 1 73
362 364 2 70
363 364 1 69
363 365 2 71
364 365 1 57
364 366 2 44
365 366 1 83
365 367 2 69
366 367 1 99
366 368 2 53
367 368 1 5
367 369 2 11
368 369 1 77
368 370 2 94
369 370 1 90
369 371 2 2
370 371 1 14
370 372 2 39
371 372 1 97
371 373 2 80
372 373 1 99
372 374 2 55
373 374 1 86
373 375 2 63
374 375 1 43
374 376 2 4
375 376 1 25
375 377 2 81
376 377 1 38
376 378 2 98
377 378 1 98
377 379 2 56
378 379 1 78
378 380 2 82
379 380 1 50
379 381 2 50
380 381 1 33
380 382 2 84
381 382 1 84
381 383 2 71
382 383 1 11
382 384 2 94
383 384 1 70
383 385 2 2
384 385 1 73
384 386 2 92
385 386 1 27
385 387 2 47
386 387 1 96
386 388 2 50
387 388 1 21
387 389 2 76
388 389 1 100
388 390 2 97
389 390 1 40
389 391 2 19
390 391 1 12
390 392 2 94
391 392 1 41
391 393 2 59
392 393 1 39
392 394 2 88
393 394 1 61
393 395 2 13
394 395 1 34
394 396 2 57
395 396 1 42
395 397 2 62
396 397 1 64
396 398 2 24
397 398 1 100
397 399 2 92
398 399 1 43
398 400 2 66
399 400 1 14
399 401 2 92
400 401 1 12
400 402 2 84
401 402 1 52
401 403 2 60
402 403 1 71
402 404 2 89
403 404 1 1
403 405 2 9
404 405 1 50
404 406 2 13
405 406 1 30
405 407 2 3
406 407 1 56
406 408 2 42
407 408 1 6
407 409 2 84
408 409 1 42
408 410 2 82
409 410 1 21
409 411 2 51
410 411 1 48
410 412 2 50
411 412 1 4
411 413 2 67
412 413 1 39
412 414 2 18
413 414 1 83
413 415 2 53
414 415 1 63
414 416 2 86
415 416 1 57
415 417 2 87
416 417 1 81
416 418 2 50
417 418 1 93
417 419 2 37
418 419 1 63
418 420 2 33
419 420 1 46
419 421 2 82
420 421 1 74
420 422 2 25
421 422 1 90
421 423 2 100
422 423 1 6
422 424 2 47
423 424 1 72
423 425 2 73
424 425 1 48
424 426 2 88
425 426 1 96
425 427 2 40
426 427 1 14
426 428 2 45
427 428 1 96
427 429 2 40
428 429 1 33
428 430 2 72
429 430 1 28
429 431 2 92
430 431 1 56
430 432 2 26
431 432 1 32
431 433 2 99
432 433 1 81
432 434 2 37
433 434 1 82
433 435 2 83
434 435 1 8
434 436 2 25
435 436 1 91
435 437 2 9
436 437 1 56
436 438 2 75
437 438 1 6
437 439 2 7
438 439 1 98
438 440 2 49
439 440 1 88
439 441 2 82
440 441 1 45
440 442 2 82
441 442 1 52
441 443 2 39
442 443 1 19
442 444 2 59
443 444 1 35
443 445 2 90
444 445 1 75
444 446 2 27
445 446 1 100
445 447 2 3
446 447 1 40
446 448 2 24
447 448 1 2
447 449 2 2
448 449 1 67
448 450 2 15
449 450 1 54
449 451 2 32
450 451 1 45
450 452 2 66
451 452 1 68
451 453 2 35
452 453 1 35
452 454 2 52
453 454 1 23
453 455 2 83
454 455 1 83
454 456 2 97
455 456 1 9
455 457 2 19
456 457 1 16
456 458 2 16
457 458 1 30
457 459 2 60
458 459 1 55
458 460 2 36
459 460 1 44
459 461 2 97
460 461 1 24
460 462 2 63
461 462 1 11
461 463 2 85
462 463 1 40
462 464 2 98
463 464 1 99
463 465 2 1
464 465 1 21
464 466 2 94
465 466 1 71
465 467 2 82
466 467 1 92
466 468 2 55
467 468 1 74
467 469 2 87
468 469 1 75
468 470 2 92
469 470 1 13
469 471 2 80
470 471 1 3
470 472 2 66
471 472 1 59
471 473 2 43
472 473 1 77
472 474 2 14
473 474 1 29
473 475 2 84
474 475 1 10
474 476 2 27
475 476 1 63
475 477 2 12
476 477 1 25
476 478 2 84
477 478 1 57
477 479 2 86
478 479 1 53
478 480 2 36
479 480 1 51
479 481 2 31
480 481 1 11
480 482 2 11
481 482 1 47
481 483 2 80
482 483 1 32
482 484 2 73
483 484 1 12
483 485 2 94
484 485 1 30
484 486 2 31
485 486 1 76
485 487 2 38
486 487 1 77
486 488 2 81
487 488 1 7
487 489 2 55
488 489 1 18
488 490 2 24
489 490 1 79
489 491 2 69
490 491 1 84
490 492 2 56
491 492 1 12
491 493 2 72
492 493 1 41
492 494 2 10
493 494 1 9
493 495 2 66
494 495 1 25
494 496 2 89
495 496 1 99
495 497 2 14
496 497 1 34
496 498 2 55
497 498 1 54
497 499 2 74
498 499 1 69
498 500 2 23
499 500 1 34
