42 995 283
1 34 365 75
1 35 289 83
1 19 303 72
1 10 365 87
1 6 92 98
1 7 97 94
1 8 337 66
1 25 40 55
1 30 315 64
1 14 327 61
1 25 196 85
1 10 114 94
1 37 244 75
1 34 142 83
1 40 137 51
1 23 245 63
1 36 108 70
1 21 96 73
1 12 37 62
1 19 221 95
1 26 95 100
1 26 56 77
1 32 102 60
1 33 353 70
1 29 318 71
1 13 372 85
1 37 161 80
1 25 166 61
1 21 75 54
1 33 209 83
1 23 231 59
2 17 180 72
2 17 132 79
2 15 34 82
2 4 285 60
2 17 306 92
2 14 232 97
2 9 307 57
2 1 196 71
2 23 92 59
2 33 99 55
2 27 287 78
2 31 60 70
2 30 109 63
2 21 289 56
2 22 232 58
2 40 110 52
2 17 270 87
2 27 228 72
2 25 182 94
2 19 71 66
2 7 216 83
2 14 306 53
2 33 361 64
2 40 17 81
2 27 181 90
2 32 251 89
3 22 347 87
3 10 68 100
3 28 225 65
3 28 277 71
3 21 59 92
3 42 50 94
3 2 292 85
3 2 83 64
3 8 372 62
3 37 384 97
3 17 207 83
3 36 228 52
3 35 281 96
3 13 314 59
3 6 193 72
3 15 361 77
3 14 319 62
3 31 149 96
3 19 1 72
3 26 356 92
3 39 79 89
3 41 302 70
4 2 98 97
4 1 245 80
4 41 385 100
4 7 66 77
4 35 154 51
4 36 277 84
4 15 4 84
4 30 280 87
4 31 324 92
4 22 332 71
4 30 299 88
4 38 18 95
4 35 135 54
4 42 326 80
4 16 116 60
4 7 302 91
4 30 400 69
4 5 213 56
4 37 147 56
4 39 104 67
5 22 100 58
5 28 247 56
5 28 61 87
5 14 302 56
5 16 10 54
5 40 44 62
5 13 393 78
5 4 42 81
5 14 320 78
5 29 375 94
5 38 291 56
5 23 345 53
5 17 185 80
5 15 67 62
5 3 52 65
5 19 60 51
5 38 182 51
5 20 387 64
5 37 376 73
5 19 119 59
5 24 309 90
6 8 299 74
6 18 261 82
6 18 57 95
6 30 166 59
6 4 50 71
6 22 59 70
6 35 108 99
6 20 298 98
6 8 85 62
6 38 18 63
6 29 119 51
6 25 194 89
6 9 276 61
6 18 349 94
6 2 177 54
6 35 339 95
6 24 219 97
6 18 335 65
6 29 14 63
6 20 170 99
6 15 333 53
6 28 155 80
6 19 399 96
6 21 360 58
7 8 384 89
7 8 63 51
7 35 240 97
7 4 356 72
7 13 288 62
7 41 94 51
7 30 301 94
7 14 348 97
7 5 55 56
7 9 188 72
7 22 178 94
7 36 2 84
7 27 400 58
7 17 347 79
7 42 329 67
7 4 283 77
7 17 160 55
7 33 160 68
7 42 182 72
7 28 337 84
7 15 204 77
7 35 130 60
7 21 43 89
7 20 368 89
8 25 50 78
8 19 333 62
8 12 360 98
8 9 108 70
8 22 358 94
8 21 194 62
8 19 367 90
8 1 364 63
8 23 332 59
8 39 343 76
8 22 106 80
8 14 266 94
8 7 302 77
8 42 348 57
8 12 8 92
8 27 46 54
8 26 393 67
8 17 398 79
8 11 252 71
8 29 276 67
8 27 10 91
8 26 82 62
9 29 95 83
9 13 394 97
9 29 304 54
9 15 129 63
9 33 304 80
9 36 385 95
9 7 29 83
9 23 276 66
9 15 161 91
9 14 181 65
9 23 272 76
9 23 400 68
9 21 51 85
9 15 48 65
9 29 140 95
9 23 126 73
10 18 13 95
10 29 107 71
10 30 36 94
10 7 242 93
10 17 351 65
10 19 280 67
10 17 384 85
10 14 266 80
10 34 304 81
10 11 36 76
10 42 134 74
10 23 278 80
10 20 210 64
10 12 126 70
10 36 247 87
10 6 88 67
10 15 273 98
10 25 52 55
10 1 346 69
10 3 229 96
10 12 233 100
10 22 168 60
10 33 88 85
10 32 70 73
10 1 119 89
10 17 227 52
10 8 248 67
10 30 48 59
11 8 342 96
11 1 242 52
11 28 382 83
11 17 190 89
11 1 115 60
11 34 395 83
11 34 364 63
11 39 111 77
11 26 79 76
11 18 144 90
11 7 360 52
11 10 307 81
11 27 346 84
11 15 327 75
11 9 122 96
11 19 224 65
11 2 172 81
11 19 96 81
11 10 9 96
11 28 368 60
11 3 366 60
11 25 136 72
11 38 306 72
11 10 264 66
11 9 227 67
12 4 187 76
12 29 161 61
12 11 346 94
12 17 91 98
12 35 19 67
12 27 306 84
12 41 221 53
12 21 176 79
12 3 138 74
12 27 374 92
12 32 308 91
12 17 45 97
12 26 360 95
12 35 99 97
12 32 273 71
12 32 74 83
12 17 326 58
12 33 12 71
13 22 50 62
13 29 30 91
13 8 117 51
13 5 81 97
13 27 198 70
13 38 319 59
13 41 245 84
13 18 273 68
13 29 236 73
13 17 183 88
13 18 201 54
13 8 350 67
13 31 238 59
13 23 296 88
13 21 289 72
13 21 130 90
14 29 347 68
14 10 95 83
14 4 244 77
14 24 363 65
14 41 268 62
14 32 60 78
14 22 293 88
14 39 345 51
14 20 364 83
14 42 179 95
14 36 41 73
14 15 336 79
14 39 318 57
14 29 164 99
14 34 247 75
14 4 109 80
14 10 20 78
14 42 47 84
14 13 146 65
14 40 128 100
15 35 194 57
15 5 296 51
15 11 379 92
15 14 281 76
15 12 141 60
15 2 269 61
15 34 210 80
15 17 299 80
15 6 181 52
15 36 232 97
15 21 205 53
15 36 399 81
15 29 302 63
15 13 396 56
15 40 337 70
15 32 286 84
15 17 63 71
15 36 271 90
15 4 260 90
15 10 131 62
16 30 120 58
16 37 74 98
16 3 151 54
16 23 22 95
16 38 210 61
16 22 196 54
16 4 280 79
16 12 368 68
16 15 337 64
16 2 320 93
16 34 186 62
16 18 266 77
16 2 384 93
16 13 295 60
16 12 380 71
16 8 161 98
17 20 264 55
17 20 214 84
17 14 368 71
17 7 317 59
17 7 267 82
17 5 108 53
17 20 323 91
17 27 110 72
17 28 359 93
17 5 373 61
17 38 218 91
17 21 2 65
17 26 2 62
17 15 230 52
17 13 282 68
17 13 113 90
17 31 383 87
17 2 157 60
17 20 100 61
17 12 354 67
17 2 331 52
17 38 208 53
17 36 178 79
17 4 164 55
17 34 44 96
18 12 93 67
18 17 340 90
18 8 306 81
18 7 1 68
18 15 40 89
18 27 378 93
18 8 54 53
18 27 57 54
18 12 288 73
18 27 160 72
18 2 238 79
18 5 139 86
18 28 89 54
18 36 139 75
18 16 211 51
18 24 60 96
18 19 349 70
18 37 37 88
18 10 275 51
18 28 144 66
18 42 31 55
19 16 75 94
19 24 121 73
19 41 18 92
19 5 315 85
19 14 396 59
19 3 275 85
19 40 80 51
19 29 180 63
19 34 95 93
19 1 247 90
19 38 304 70
19 10 133 64
19 37 241 91
19 32 31 88
19 10 89 54
19 15 188 59
19 37 138 60
19 6 94 89
19 5 40 89
19 32 293 86
19 15 286 74
19 6 128 90
19 17 380 96
20 38 47 89
20 41 19 77
20 25 122 79
20 30 390 98
20 30 364 74
20 19 119 95
20 5 65 51
20 21 149 67
20 30 150 66
20 23 254 88
20 12 358 56
20 1 231 92
20 13 291 59
20 41 244 81
20 11 391 73
20 6 15 59
20 35 96 87
20 8 151 66
20 36 196 90
20 24 236 91
20 21 96 83
20 17 400 68
20 23 71 97
20 39 45 70
20 4 376 65
20 34 219 71
21 36 207 67
21 42 85 81
21 41 232 58
21 40 52 69
21 24 23 72
21 28 46 79
21 19 262 97
21 12 247 64
21 31 130 54
21 36 111 68
21 20 358 98
21 12 396 54
21 34 381 97
21 23 293 66
21 26 26 88
21 40 324 90
21 37 40 74
21 38 300 65
21 12 80 83
21 35 275 75
21 13 44 53
21 17 101 92
21 20 14 98
21 28 61 98
21 12 129 75
21 19 57 76
21 17 44 73
22 35 309 67
22 33 242 88
22 1 94 93
22 21 43 65
22 9 69 65
22 26 165 64
22 13 78 69
22 6 340 73
22 20 93 89
22 7 350 69
22 31 195 96
22 38 246 77
22 7 303 51
22 36 78 98
22 14 81 62
22 13 326 65
22 19 26 64
22 5 30 65
22 34 357 73
22 28 160 69
22 17 14 55
23 9 255 63
23 13 221 70
23 31 322 80
23 22 242 67
23 33 350 73
23 19 94 82
23 42 305 73
23 19 99 75
23 18 71 57
23 5 324 95
23 26 107 80
23 27 223 85
23 31 299 84
23 8 127 53
23 35 292 94
23 2 194 78
23 21 100 61
23 18 189 63
23 41 354 53
23 16 252 88
23 38 16 82
23 6 257 90
24 32 234 99
24 32 142 81
24 19 17 83
24 30 384 60
24 30 389 92
24 25 230 52
24 10 140 97
24 35 115 77
24 20 306 67
24 41 1 52
24 15 152 90
24 19 25 55
24 7 186 79
24 26 351 85
24 22 326 92
24 23 40 62
24 30 361 87
24 13 11 59
24 42 161 69
24 15 261 67
24 41 202 53
24 7 357 91
24 38 371 82
24 14 262 54
24 34 284 96
24 32 266 73
24 35 158 69
25 32 392 51
25 15 149 57
25 17 199 76
25 3 218 96
25 7 186 98
25 1 93 82
25 41 18 82
25 39 197 57
25 32 110 56
25 35 15 76
25 30 396 75
25 5 361 52
25 5 320 74
25 36 238 97
25 20 299 77
25 2 51 90
25 34 290 96
25 21 175 91
25 40 325 87
25 6 187 54
25 10 253 97
25 15 117 54
25 36 263 69
25 39 344 77
25 8 83 75
25 31 332 62
25 3 94 59
25 41 375 83
25 26 393 65
26 24 259 94
26 25 42 89
26 5 206 71
26 4 145 95
26 32 331 84
26 30 33 92
26 4 344 95
26 8 136 71
26 42 292 98
26 31 331 55
26 13 112 86
26 19 3 82
26 8 147 65
26 41 141 100
26 29 265 65
26 24 373 74
26 24 224 86
26 41 337 55
26 35 48 69
26 36 49 66
26 36 2 74
26 4 399 61
26 33 75 70
26 21 13 68
26 40 286 63
26 4 70 59
26 21 25 80
26 22 137 99
27 29 122 83
27 15 281 74
27 31 385 97
27 26 42 96
27 24 13 63
27 4 398 55
27 37 108 79
27 28 34 86
27 38 90 56
27 36 176 71
27 37 205 59
27 16 272 70
27 7 147 56
27 6 62 70
27 21 75 60
27 13 287 51
27 31 320 96
27 24 243 96
27 12 118 69
27 36 136 75
27 9 238 53
27 33 249 71
27 34 127 78
27 35 357 55
27 39 332 64
28 21 228 60
28 7 2 96
28 29 191 73
28 29 392 99
28 33 43 51
28 29 360 76
28 26 77 74
28 27 78 55
28 8 302 93
28 39 69 81
28 14 248 56
28 27 29 56
28 9 260 53
28 14 325 62
28 29 163 78
28 41 251 52
28 30 32 75
28 40 149 91
28 41 377 99
29 41 39 74
29 26 238 89
29 33 169 69
29 35 134 89
29 11 292 60
29 19 234 60
29 25 154 65
29 28 104 100
29 2 152 60
29 3 332 62
29 41 244 96
29 35 161 62
29 14 257 64
29 39 183 67
29 4 199 54
29 11 337 78
29 24 159 64
29 13 392 70
29 9 56 77
29 17 304 69
29 3 68 53
29 4 337 78
29 17 73 58
29 36 3 69
29 35 362 64
29 27 253 81
29 41 298 86
29 8 23 88
29 33 164 51
29 30 265 85
29 32 31 52
29 14 150 57
30 33 34 90
30 4 285 90
30 37 223 71
30 2 354 88
30 8 374 66
30 20 90 85
30 17 13 51
30 16 292 69
30 14 40 80
30 27 110 82
30 37 218 71
30 7 275 77
30 34 186 60
30 23 176 58
30 8 139 85
30 4 365 94
30 34 26 64
30 3 337 94
30 2 227 89
30 33 51 76
30 35 109 63
30 13 256 88
30 34 243 61
30 14 40 87
30 19 157 87
30 6 78 51
30 26 28 92
31 9 263 77
31 23 84 62
31 32 114 92
31 41 70 80
31 41 126 85
31 40 292 65
31 30 334 56
31 12 308 93
31 29 260 86
31 25 232 58
31 12 164 63
31 40 66 97
31 5 57 59
31 41 278 84
31 13 4 89
31 29 102 91
31 37 259 95
31 19 23 73
31 41 343 77
31 27 59 95
31 36 99 55
31 39 279 65
31 39 270 70
31 26 261 92
32 21 390 100
32 13 239 72
32 20 348 55
32 24 318 82
32 8 136 62
32 38 127 69
32 2 112 72
32 42 254 72
32 14 46 77
32 6 373 63
32 7 208 66
32 29 215 51
32 38 125 55
32 6 233 76
32 1 215 99
32 39 48 52
32 30 269 100
32 40 223 95
32 10 46 59
32 28 262 70
33 2 181 69
33 37 286 85
33 13 59 66
33 10 173 72
33 5 51 80
33 32 298 95
33 24 16 64
33 5 268 92
33 17 172 83
33 37 115 89
33 24 318 68
33 29 193 65
33 11 335 59
33 36 61 73
33 20 198 88
34 40 1 51
34 13 247 98
34 30 75 89
34 37 277 56
34 11 13 82
34 23 345 78
34 3 229 76
34 35 14 86
34 14 116 100
34 28 225 55
34 17 61 94
34 38 220 87
34 6 44 51
34 13 118 52
34 12 98 82
34 41 104 98
34 13 91 99
34 42 352 89
34 22 91 91
34 11 183 56
34 19 291 55
34 32 310 90
35 22 158 53
35 31 142 91
35 22 5 99
35 6 315 70
35 20 197 83
35 6 137 95
35 9 164 85
35 21 271 90
35 3 270 94
35 17 397 88
35 34 394 57
35 6 384 54
35 24 251 59
35 4 74 85
35 4 51 95
35 28 261 52
35 3 318 59
35 23 114 96
35 10 190 63
35 21 138 58
35 34 277 100
35 18 181 69
35 7 397 59
35 5 121 80
35 20 15 94
35 9 390 72
35 29 230 76
35 39 277 59
35 31 321 79
36 32 294 59
36 29 197 78
36 19 131 60
36 2 251 55
36 38 246 98
36 27 166 100
36 38 188 68
36 1 264 86
36 29 304 63
36 5 321 95
36 37 178 84
36 40 349 65
36 12 95 70
36 21 394 56
36 21 219 62
36 37 213 84
36 39 109 87
36 11 203 83
36 22 38 83
36 22 157 88
36 5 63 82
36 5 116 55
36 17 87 69
36 27 122 93
37 34 68 62
37 10 124 87
37 10 379 86
37 14 125 65
37 20 309 68
37 16 266 91
37 24 114 79
37 23 30 68
37 21 88 68
37 30 362 73
37 31 247 87
37 22 193 82
37 25 94 54
37 23 107 57
37 38 67 90
37 6 68 51
37 2 307 88
37 13 333 69
37 40 267 92
37 14 303 58
37 13 60 51
37 18 365 94
37 24 118 70
38 2 317 72
38 41 236 68
38 23 356 100
38 41 135 75
38 40 117 90
38 7 106 85
38 11 265 94
38 1 97 82
38 31 290 93
38 35 347 92
38 16 128 92
38 19 370 82
38 13 280 91
38 40 204 59
38 42 341 63
38 17 85 98
38 4 289 56
38 22 264 77
38 25 348 56
38 41 200 60
38 15 26 65
38 12 314 84
38 22 257 51
38 11 12 97
39 3 171 75
39 29 354 58
39 36 219 80
39 9 304 82
39 13 201 63
39 22 88 56
39 11 237 75
39 6 285 97
39 32 248 82
39 25 62 55
39 29 327 96
39 3 251 57
39 28 312 73
39 24 78 74
39 20 100 85
39 21 50 66
39 28 63 69
39 7 201 63
39 21 230 76
39 42 66 71
39 13 77 53
39 13 215 51
39 1 9 61
39 20 289 88
39 21 359 71
39 38 5 84
40 23 250 85
40 17 203 59
40 33 53 56
40 3 383 75
40 18 372 58
40 34 176 92
40 17 178 88
40 29 298 100
40 35 97 57
40 21 379 94
40 16 275 69
40 6 6 76
40 4 190 99
40 27 89 92
40 42 86 66
40 30 97 54
40 36 280 78
40 7 162 95
40 8 140 70
40 20 89 82
40 20 242 97
40 13 137 94
40 5 393 89
40 41 331 93
40 15 73 95
40 35 400 90
40 42 271 62
40 41 167 88
40 1 320 85
40 31 286 92
40 13 208 62
40 17 68 78
40 24 41 94
40 8 178 68
41 20 247 57
41 14 346 55
41 12 186 76
41 14 5 65
41 11 282 70
41 9 132 75
41 18 138 82
41 5 132 96
41 42 368 98
41 4 33 68
41 10 313 59
41 27 157 69
41 31 38 63
41 3 37 72
41 5 52 96
41 12 144 61
41 5 30 73
41 29 206 81
41 4 238 52
41 40 144 63
41 30 303 76
41 32 74 64
41 9 130 63
41 32 49 59
41 27 16 85
41 24 212 69
41 24 262 73
41 15 193 60
41 9 217 100
41 2 211 75
41 32 135 82
41 35 157 63
42 10 260 68
42 22 150 79
42 17 237 58
42 15 98 53
42 34 285 76
42 24 64 96
42 21 84 84
42 36 320 74
42 6 236 84
42 15 215 96
42 21 223 99
42 36 273 97
42 13 362 59
42 12 9 60
42 13 270 86
42 37 386 52
42 31 315 90
42 14 393 75
42 4 15 71
42 10 13 86
42 25 8 92
