100 1000 1000
1 59 1 34
1 10 1 60
1 34 1 12
1 35 1 72
1 26 1 50
1 99 1 92
1 59 1 100
1 20 1 1
1 97 1 38
1 54 1 86
1 26 1 29
1 32 1 3
1 58 1 13
2 57 1 76
2 45 1 23
2 23 1 22
2 52 1 44
2 88 1 3
2 85 1 96
2 97 1 43
2 58 1 53
2 6 1 9
2 30 1 43
2 27 1 94
2 75 1 99
3 22 1 41
3 94 1 47
3 1 1 88
3 24 1 3
3 67 1 91
3 5 1 78
3 44 1 100
3 28 1 51
3 53 1 96
3 12 1 3
3 54 1 69
3 9 1 25
3 21 1 22
4 73 1 21
4 60 1 6
4 46 1 53
4 66 1 19
4 88 1 6
4 99 1 44
4 2 1 85
4 19 1 32
4 3 1 24
5 10 1 11
5 23 1 90
5 33 1 33
5 71 1 13
5 95 1 14
5 38 1 28
5 58 1 11
5 43 1 9
5 93 1 30
6 34 1 17
6 25 1 95
6 28 1 24
6 98 1 93
6 61 1 33
6 48 1 2
6 62 1 87
6 74 1 11
6 73 1 22
6 56 1 81
6 76 1 8
6 74 1 79
6 74 1 37
7 29 1 3
7 65 1 16
7 60 1 23
7 50 1 59
7 77 1 8
7 61 1 89
7 12 1 78
7 67 1 66
7 44 1 60
7 24 1 27
7 30 1 86
7 14 1 17
8 72 1 32
8 80 1 67
8 70 1 80
8 91 1 71
8 55 1 38
8 89 1 76
8 65 1 1
8 65 1 11
9 69 1 42
9 77 1 97
9 29 1 20
9 76 1 86
9 84 1 71
9 76 1 48
9 83 1 3
9 37 1 19
9 13 1 84
9 95 1 80
9 4 1 42
9 40 1 17
9 31 1 64
10 71 1 2
10 40 1 18
10 64 1 98
10 2 1 45
10 52 1 100
10 51 1 13
10 53 1 44
10 54 1 13
11 33 1 36
11 14 1 69
11 94 1 26
11 92 1 43
11 51 1 86
11 71 1 2
11 25 1 63
11 31 1 71
11 13 1 45
11 88 1 30
11 76 1 27
11 16 1 82
12 59 1 32
12 70 1 88
12 89 1 74
12 23 1 61
12 95 1 8
12 10 1 19
12 68 1 26
12 7 1 21
13 26 1 49
13 27 1 56
13 40 1 60
13 70 1 98
13 10 1 45
14 92 1 88
14 48 1 96
14 34 1 51
14 86 1 97
14 43 1 17
14 34 1 12
14 30 1 27
14 6 1 38
15 28 1 74
15 72 1 92
15 21 1 53
15 66 1 60
15 97 1 15
15 11 1 27
15 21 1 71
15 9 1 60
15 77 1 93
15 1 1 76
15 98 1 75
16 57 1 46
16 80 1 76
16 35 1 50
16 3 1 88
16 74 1 24
16 90 1 19
16 2 1 40
16 28 1 46
16 14 1 21
17 45 1 26
17 81 1 60
17 2 1 38
17 56 1 94
17 87 1 24
17 47 1 100
17 79 1 44
17 50 1 7
17 8 1 8
17 73 1 60
17 27 1 29
17 4 1 49
17 18 1 15
17 15 1 41
17 13 1 64
18 6 1 61
18 9 1 16
18 40 1 73
18 59 1 25
18 76 1 63
18 29 1 1
18 53 1 38
18 86 1 60
19 16 1 90
19 41 1 5
19 93 1 55
19 72 1 38
19 24 1 92
19 7 1 83
19 68 1 76
19 45 1 93
19 13 1 81
19 3 1 56
19 47 1 97
19 42 1 98
20 96 1 97
20 91 1 30
20 40 1 19
20 26 1 34
20 46 1 32
20 57 1 59
20 26 1 43
20 36 1 37
20 18 1 30
20 68 1 41
20 64 1 70
20 3 1 66
20 97 1 4
21 97 1 36
21 63 1 53
21 76 1 56
21 74 1 80
21 23 1 17
21 96 1 81
21 16 1 65
21 75 1 75
21 72 1 90
22 81 1 24
22 24 1 26
22 17 1 74
22 26 1 42
22 81 1 42
22 93 1 73
22 2 1 80
22 76 1 17
22 94 1 19
22 76 1 69
22 87 1 15
22 16 1 71
22 81 1 64
23 76 1 82
23 59 1 7
23 32 1 4
23 32 1 91
23 71 1 51
23 4 1 32
23 3 1 48
23 40 1 96
24 72 1 86
24 27 1 100
24 26 1 25
24 54 1 29
24 40 1 49
24 61 1 81
24 59 1 98
24 43 1 69
24 77 1 59
24 83 1 43
24 20 1 14
25 47 1 31
25 88 1 7
25 41 1 93
25 34 1 67
25 90 1 60
25 61 1 79
25 15 1 30
25 99 1 26
25 93 1 22
25 18 1 31
26 27 1 14
26 56 1 21
26 88 1 15
26 65 1 55
26 16 1 94
26 99 1 70
26 62 1 16
26 70 1 21
26 37 1 33
26 58 1 45
26 64 1 29
26 12 1 55
26 37 1 37
26 57 1 30
26 75 1 14
26 87 1 53
26 44 1 29
27 34 1 32
27 93 1 5
27 84 1 40
27 75 1 43
27 50 1 68
27 42 1 8
27 29 1 43
27 65 1 72
27 4 1 37
28 75 1 96
28 6 1 77
28 79 1 11
28 75 1 8
28 3 1 20
28 72 1 43
29 43 1 62
29 64 1 90
29 85 1 42
29 43 1 17
29 84 1 54
29 20 1 18
29 73 1 81
29 46 1 38
30 8 1 90
30 98 1 80
30 14 1 38
30 53 1 38
30 63 1 32
30 91 1 98
30 74 1 72
31 78 1 10
31 19 1 82
31 65 1 99
31 83 1 84
31 64 1 63
31 93 1 22
31 76 1 84
31 94 1 4
32 41 1 31
32 22 1 52
32 55 1 31
32 62 1 39
32 85 1 15
32 89 1 22
32 98 1 1
33 4 1 77
33 86 1 46
33 19 1 34
33 40 1 47
33 66 1 25
33 98 1 95
33 69 1 70
33 70 1 24
33 84 1 61
33 86 1 33
33 20 1 64
33 93 1 6
33 83 1 67
33 14 1 71
33 71 1 66
33 46 1 79
33 23 1 69
33 81 1 77
34 33 1 84
34 89 1 68
34 3 1 70
34 13 1 66
34 46 1 87
34 19 1 14
34 44 1 95
34 56 1 27
34 96 1 78
34 50 1 62
35 69 1 38
35 58 1 54
35 36 1 47
35 41 1 95
35 16 1 96
35 40 1 32
35 53 1 39
35 84 1 48
36 76 1 74
36 1 1 77
36 88 1 67
36 31 1 5
36 6 1 76
36 39 1 17
36 89 1 13
37 28 1 71
37 44 1 69
37 20 1 54
37 9 1 18
37 77 1 67
37 83 1 13
37 55 1 36
38 77 1 98
38 85 1 42
39 17 1 50
39 55 1 58
39 43 1 67
39 93 1 41
39 78 1 34
39 74 1 43
39 46 1 52
39 59 1 46
39 76 1 65
39 37 1 28
39 68 1 92
39 59 1 87
39 29 1 17
39 5 1 81
39 52 1 16
40 9 1 46
40 91 1 81
40 54 1 56
40 18 1 85
40 99 1 51
40 5 1 8
40 27 1 91
40 18 1 41
40 91 1 56
40 79 1 43
41 29 1 93
41 67 1 100
41 22 1 44
41 22 1 12
41 42 1 74
41 80 1 92
41 92 1 8
41 81 1 80
41 24 1 68
42 65 1 76
42 70 1 81
42 3 1 70
42 27 1 38
42 73 1 61
42 63 1 21
43 63 1 31
43 74 1 8
43 70 1 90
43 6 1 3
43 47 1 6
43 46 1 18
43 26 1 100
43 99 1 5
43 89 1 63
43 9 1 38
43 12 1 82
43 24 1 33
44 80 1 8
44 40 1 34
44 7 1 86
44 93 1 14
44 52 1 76
44 49 1 93
44 15 1 10
44 13 1 83
44 70 1 26
44 5 1 85
44 10 1 77
44 25 1 98
44 28 1 52
45 90 1 68
45 97 1 7
45 23 1 60
45 53 1 83
45 60 1 74
45 31 1 89
45 16 1 47
45 15 1 21
45 85 1 38
45 86 1 42
45 15 1 32
45 63 1 57
46 54 1 19
46 18 1 94
46 4 1 64
46 23 1 76
46 41 1 64
46 78 1 93
46 22 1 98
46 75 1 39
46 62 1 46
46 22 1 32
46 25 1 73
47 84 1 64
47 62 1 37
47 28 1 89
47 2 1 18
47 79 1 16
47 98 1 69
47 67 1 34
47 23 1 60
47 31 1 88
48 26 1 60
48 56 1 91
48 74 1 91
48 51 1 66
48 88 1 24
48 2 1 27
48 95 1 46
48 88 1 11
48 67 1 58
48 42 1 3
48 18 1 60
48 81 1 18
48 59 1 15
48 30 1 82
48 87 1 22
49 56 1 88
49 77 1 38
49 69 1 62
49 46 1 88
49 95 1 21
49 1 1 95
49 43 1 23
50 52 1 64
50 59 1 66
50 33 1 66
50 61 1 17
50 13 1 68
50 60 1 78
50 52 1 53
51 65 1 33
51 2 1 89
51 93 1 4
51 52 1 15
51 71 1 1
51 62 1 13
51 14 1 35
52 72 1 23
52 90 1 71
52 2 1 53
52 64 1 25
52 90 1 49
52 44 1 24
52 16 1 42
52 27 1 12
52 4 1 27
52 12 1 66
52 68 1 49
52 64 1 67
52 76 1 58
52 83 1 72
52 70 1 55
52 32 1 42
53 50 1 100
53 12 1 49
53 38 1 15
53 93 1 57
53 91 1 57
53 2 1 2
53 23 1 85
53 14 1 68
53 30 1 61
54 46 1 61
54 62 1 18
54 18 1 35
54 14 1 3
54 65 1 73
54 60 1 34
54 52 1 63
54 56 1 88
54 30 1 100
54 69 1 80
55 35 1 69
55 93 1 71
55 34 1 55
55 87 1 81
55 42 1 74
55 85 1 45
55 94 1 67
55 25 1 17
55 60 1 55
55 64 1 34
55 8 1 89
55 82 1 27
55 44 1 52
55 87 1 21
56 46 1 100
56 69 1 58
56 39 1 6
56 98 1 77
56 52 1 18
57 90 1 66
57 42 1 35
57 15 1 65
57 36 1 71
57 38 1 78
57 72 1 16
57 87 1 20
57 46 1 95
57 38 1 33
57 22 1 81
57 10 1 38
57 88 1 24
57 88 1 2
57 65 1 76
57 76 1 13
57 90 1 7
58 88 1 67
58 87 1 94
58 33 1 42
58 73 1 5
58 77 1 33
58 43 1 46
58 99 1 31
58 7 1 31
58 86 1 44
58 63 1 15
59 38 1 11
59 65 1 84
59 23 1 80
59 11 1 10
59 87 1 65
59 50 1 56
59 84 1 99
59 71 1 95
60 33 1 9
60 64 1 39
60 32 1 77
60 79 1 33
60 2 1 66
60 68 1 19
60 22 1 94
61 79 1 95
61 7 1 29
61 56 1 59
61 86 1 35
61 13 1 19
61 4 1 78
61 6 1 52
61 74 1 67
61 40 1 88
62 12 1 44
62 3 1 45
62 26 1 2
62 7 1 26
62 93 1 92
62 6 1 90
62 65 1 44
62 57 1 60
62 48 1 76
62 67 1 24
63 88 1 64
63 94 1 1
63 25 1 65
63 50 1 2
63 97 1 37
63 57 1 49
63 41 1 7
63 67 1 23
63 11 1 32
63 37 1 71
63 35 1 2
63 49 1 10
64 22 1 64
64 4 1 73
64 14 1 68
64 35 1 60
64 52 1 72
64 28 1 25
64 50 1 47
64 84 1 64
64 6 1 52
65 37 1 9
65 11 1 96
65 11 1 12
65 79 1 84
65 43 1 85
65 92 1 58
65 68 1 10
65 4 1 28
65 77 1 36
66 98 1 52
66 97 1 86
66 71 1 9
66 31 1 27
66 11 1 91
66 57 1 5
66 4 1 33
67 85 1 25
67 55 1 7
67 32 1 25
67 35 1 11
67 49 1 18
67 58 1 59
67 74 1 82
67 49 1 92
67 47 1 67
67 49 1 68
67 95 1 72
68 58 1 40
68 46 1 81
68 45 1 4
68 96 1 62
68 64 1 6
68 65 1 99
68 26 1 99
68 71 1 95
69 6 1 13
69 89 1 70
69 83 1 82
69 5 1 91
69 80 1 60
69 41 1 72
69 90 1 28
70 3 1 15
70 80 1 23
70 34 1 83
70 90 1 29
70 38 1 87
70 49 1 60
70 28 1 4
70 73 1 43
71 76 1 59
71 20 1 32
71 75 1 87
71 77 1 36
71 36 1 28
71 56 1 67
71 95 1 67
71 21 1 40
71 63 1 37
71 81 1 22
71 70 1 52
72 57 1 34
72 42 1 21
72 21 1 100
72 68 1 61
72 6 1 33
72 7 1 15
72 26 1 19
72 99 1 88
72 98 1 62
72 79 1 29
72 65 1 88
72 69 1 89
72 78 1 18
72 58 1 76
72 47 1 89
72 54 1 18
72 23 1 86
72 91 1 5
73 39 1 21
73 77 1 97
73 27 1 88
73 35 1 74
73 85 1 13
73 66 1 57
73 75 1 67
73 19 1 54
73 31 1 81
73 68 1 4
73 65 1 100
73 24 1 6
74 12 1 55
74 34 1 50
74 49 1 82
74 81 1 48
74 86 1 62
74 34 1 59
74 89 1 3
74 23 1 72
74 17 1 59
75 95 1 79
75 97 1 50
75 70 1 60
75 81 1 10
75 62 1 16
75 56 1 48
75 14 1 28
75 44 1 33
75 87 1 67
75 20 1 95
75 45 1 50
76 81 1 53
76 83 1 78
76 2 1 78
76 47 1 31
76 85 1 22
76 33 1 95
77 3 1 62
77 66 1 55
77 97 1 48
77 79 1 15
77 23 1 23
77 20 1 31
77 17 1 19
77 31 1 11
77 22 1 23
77 73 1 84
77 81 1 9
77 59 1 67
77 18 1 60
78 50 1 95
78 37 1 35
78 81 1 33
78 46 1 85
78 19 1 76
78 8 1 10
78 40 1 57
78 17 1 63
78 86 1 40
79 96 1 82
79 38 1 74
79 38 1 55
79 52 1 92
79 90 1 18
79 77 1 22
79 38 1 43
79 97 1 84
79 1 1 62
79 13 1 88
79 85 1 34
79 9 1 11
79 47 1 17
79 31 1 96
79 92 1 22
79 71 1 10
79 10 1 96
79 46 1 84
80 63 1 38
80 71 1 38
80 94 1 61
80 87 1 13
80 97 1 96
80 33 1 4
80 74 1 87
80 25 1 17
80 57 1 4
80 91 1 46
80 32 1 93
81 43 1 58
81 36 1 87
81 99 1 13
81 40 1 64
81 70 1 14
81 98 1 13
81 27 1 2
81 19 1 16
81 15 1 34
81 8 1 40
81 21 1 55
81 95 1 94
82 92 1 31
82 41 1 42
82 86 1 41
82 6 1 80
82 17 1 6
82 73 1 21
82 20 1 58
82 72 1 88
82 64 1 89
82 98 1 28
82 61 1 41
82 57 1 96
83 37 1 91
83 69 1 1
83 95 1 8
83 61 1 18
83 98 1 100
83 15 1 73
83 76 1 22
83 9 1 100
84 4 1 85
84 51 1 57
84 51 1 98
84 37 1 35
84 23 1 34
84 42 1 41
84 29 1 8
84 26 1 97
84 97 1 51
84 64 1 99
84 87 1 42
84 35 1 72
85 13 1 76
85 73 1 79
85 47 1 8
85 75 1 91
85 37 1 32
85 47 1 96
85 99 1 10
85 57 1 44
86 79 1 19
86 11 1 65
86 57 1 10
86 83 1 70
86 89 1 35
86 61 1 66
86 96 1 46
86 63 1 80
87 2 1 70
87 20 1 25
87 84 1 78
87 70 1 78
87 70 1 95
87 94 1 77
87 1 1 72
87 18 1 82
87 55 1 46
87 30 1 99
87 12 1 59
87 54 1 18
88 24 1 78
88 59 1 97
88 54 1 37
88 27 1 58
88 2 1 9
88 74 1 56
88 26 1 84
88 16 1 77
88 84 1 89
89 51 1 96
89 10 1 40
89 74 1 58
89 28 1 46
89 99 1 16
89 6 1 64
89 9 1 58
89 8 1 90
90 79 1 13
90 31 1 7
90 35 1 68
90 67 1 38
90 34 1 52
90 89 1 33
90 16 1 42
91 48 1 61
91 72 1 44
91 97 1 13
91 20 1 49
91 38 1 51
92 31 1 32
92 80 1 59
92 93 1 4
92 49 1 36
92 93 1 18
92 18 1 19
92 17 1 8
92 79 1 57
92 59 1 70
92 93 1 45
92 34 1 11
93 14 1 80
93 92 1 45
93 47 1 2
93 51 1 84
93 49 1 81
93 2 1 56
93 68 1 14
93 76 1 18
94 27 1 57
94 49 1 78
94 82 1 30
94 83 1 69
94 55 1 73
94 74 1 51
94 47 1 49
94 66 1 93
94 78 1 38
94 4 1 18
95 37 1 90
95 96 1 76
95 9 1 24
95 65 1 62
95 91 1 44
95 21 1 86
96 29 1 17
96 46 1 93
96 12 1 25
96 34 1 33
96 81 1 56
96 8 1 64
96 97 1 46
96 86 1 85
96 49 1 67
96 26 1 22
96 13 1 51
96 57 1 68
96 52 1 25
97 81 1 3
97 55 1 9
97 72 1 20
97 29 1 11
97 1 1 47
97 39 1 60
98 67 1 29
98 88 1 13
98 83 1 92
98 47 1 15
98 8 1 78
98 10 1 1
98 82 1 92
98 29 1 96
98 61 1 51
99 52 1 1
99 64 1 52
99 53 1 46
99 31 1 98
99 58 1 16
99 43 1 29
99 94 1 30
99 63 1 86
99 5 1 17
99 41 1 79
99 90 1 26
99 37 1 56
100 16 1 23
100 15 1 80
100 65 1 31
100 80 1 4
100 86 1 85
100 51 1 36
100 21 1 87
100 12 1 11
100 41 1 10
100 14 1 47
100 98 1 76
100 71 1 59
