52 840 707
1 8 87 81
1 13 197 52
1 47 36 84
1 31 143 79
1 28 355 76
1 41 165 72
1 34 37 58
1 40 21 54
1 38 336 69
1 49 241 89
1 10 198 89
1 20 120 72
1 32 286 54
1 2 179 90
1 4 46 92
1 21 12 84
1 9 387 67
1 35 18 79
1 46 273 73
2 1 299 79
2 39 79 67
2 11 158 80
2 8 15 56
2 52 371 88
2 26 380 53
2 6 348 73
2 47 125 79
2 40 50 75
2 48 104 87
2 3 221 82
2 49 117 73
2 36 243 63
2 13 82 59
2 50 183 78
2 9 334 69
2 40 305 88
2 48 107 77
3 36 243 93
3 39 224 69
3 34 109 64
3 22 390 82
3 44 130 62
3 35 387 64
3 33 165 99
3 34 262 83
3 26 257 82
3 37 150 89
3 26 105 96
3 31 132 70
3 35 395 56
3 34 244 59
3 28 374 79
3 19 259 60
3 37 156 58
3 13 338 67
3 20 43 88
3 10 50 87
3 36 171 93
4 39 303 61
4 39 305 64
4 20 346 53
4 49 19 51
4 43 350 51
4 18 44 74
4 39 368 81
4 10 154 87
4 50 345 99
4 27 133 86
4 17 153 93
4 20 327 56
4 18 150 95
4 45 215 91
4 37 388 85
4 2 6 77
4 2 21 75
4 28 252 64
4 30 375 66
5 39 146 72
5 3 240 72
5 39 395 52
5 27 310 60
5 46 181 52
5 19 106 91
5 2 219 79
5 51 373 55
5 1 50 54
5 49 275 89
5 8 153 68
5 23 389 59
5 10 31 89
5 29 257 62
5 19 221 81
5 29 332 90
5 34 377 53
6 5 388 66
6 35 64 74
6 33 222 60
6 29 303 67
6 42 327 66
6 28 37 72
6 31 2 51
6 18 211 73
6 30 92 74
6 3 357 58
6 48 252 54
6 43 12 82
6 27 179 87
7 51 259 75
7 9 329 92
7 51 176 85
7 10 282 66
7 48 300 61
7 6 96 68
7 14 33 61
7 20 67 68
7 18 319 71
7 33 379 60
7 39 371 84
7 10 198 80
7 39 72 94
7 23 48 52
7 36 393 81
7 21 160 64
8 47 207 92
8 37 384 80
8 17 111 60
8 41 236 86
8 41 43 96
8 51 319 68
8 52 84 66
8 46 47 61
8 49 180 94
8 10 262 54
8 48 286 78
8 45 303 58
8 35 332 64
8 23 169 54
9 8 322 75
9 42 61 74
9 25 290 76
9 18 140 66
9 31 19 81
9 32 92 84
9 48 127 51
9 11 391 55
9 20 159 79
9 50 9 85
9 28 385 68
9 43 261 80
10 40 190 57
10 45 281 97
10 45 204 84
10 15 11 61
10 35 90 58
10 16 355 91
10 11 370 77
10 37 216 55
10 34 300 61
10 31 79 54
10 35 53 69
10 16 17 68
10 22 1 71
10 8 70 57
10 45 173 77
10 23 248 57
10 35 245 80
10 43 294 83
10 18 64 95
10 26 243 72
10 39 57 85
10 5 42 77
10 31 52 79
10 40 320 62
10 1 370 52
11 35 280 83
11 37 195 94
11 51 288 56
11 7 269 65
11 6 255 56
11 18 352 85
11 2 331 58
11 36 19 91
11 18 400 68
12 23 171 74
12 43 246 98
12 29 153 88
12 24 61 73
12 14 358 95
12 33 79 94
12 43 252 95
12 24 123 80
12 21 228 73
13 44 12 70
13 30 303 69
13 47 285 89
13 18 197 53
13 29 293 61
13 40 287 98
13 36 49 95
13 19 379 77
13 8 82 100
13 7 347 57
13 1 19 61
13 40 89 63
13 18 165 88
13 25 31 56
13 23 254 85
13 50 263 58
13 24 250 53
14 37 359 64
14 48 65 94
14 39 86 91
14 40 215 65
14 31 339 82
14 41 174 90
14 47 52 67
14 3 251 51
14 52 391 70
14 23 353 76
14 29 252 59
14 6 306 90
14 42 177 70
14 23 129 54
14 34 145 100
14 31 324 57
14 25 337 91
14 37 358 65
14 49 189 51
14 10 395 95
14 34 398 85
15 31 382 71
15 42 317 92
15 32 347 90
15 47 110 100
15 6 316 93
15 22 303 58
15 23 298 53
15 43 331 57
15 8 390 92
15 16 159 76
15 49 303 63
15 36 90 97
15 46 167 89
15 25 149 98
15 8 373 84
16 15 252 87
16 29 136 67
16 14 135 66
16 20 330 95
16 10 339 67
16 42 59 63
16 8 280 98
16 14 213 66
16 47 130 67
16 17 254 78
16 4 323 77
16 20 309 78
16 17 334 80
16 46 392 87
16 41 34 58
16 9 140 61
16 48 273 54
16 45 213 69
16 24 75 57
16 27 335 78
16 48 174 55
17 5 27 85
17 10 176 82
17 25 180 95
17 11 155 75
17 8 197 84
17 9 58 53
17 37 221 99
17 25 209 86
17 7 15 72
17 52 134 61
17 50 7 63
17 51 149 53
17 26 142 72
17 25 13 73
17 32 161 94
17 11 375 83
17 2 107 74
17 38 397 55
17 11 397 55
17 12 336 62
17 35 181 81
17 37 218 51
18 39 77 65
18 7 178 89
18 17 74 81
18 2 220 79
18 23 324 63
18 29 111 64
18 52 372 85
18 48 160 93
18 34 334 95
18 21 100 92
18 4 266 57
19 46 347 74
19 39 312 72
19 50 347 84
19 33 97 66
19 3 35 65
19 49 328 96
19 39 294 54
19 36 82 83
19 52 336 58
19 22 312 73
19 7 378 60
19 35 106 71
19 26 25 89
19 3 21 79
19 13 90 77
20 34 385 75
20 24 179 57
20 23 348 95
20 18 1 70
20 2 344 52
20 30 189 60
20 30 194 57
20 47 112 54
20 43 53 62
20 1 336 87
20 19 372 69
20 38 266 74
21 3 166 56
21 16 290 79
21 24 227 91
21 14 40 72
21 8 344 97
21 28 167 97
21 31 375 92
21 3 122 81
21 7 305 67
21 15 256 70
21 32 73 58
21 42 170 51
21 2 355 78
21 47 32 87
21 44 180 85
21 41 294 51
21 39 122 94
21 29 394 80
22 6 270 57
22 33 44 84
22 41 358 68
22 34 292 68
22 23 283 52
22 46 384 90
22 3 349 98
22 14 277 92
22 18 399 79
22 12 28 100
22 32 9 67
22 15 156 88
22 27 135 99
22 10 200 69
22 25 197 100
22 34 322 56
22 47 70 63
22 50 343 56
22 47 120 77
23 4 276 70
23 28 386 61
23 15 231 88
23 34 239 55
23 21 259 83
23 22 285 51
23 6 82 86
23 35 375 69
23 17 120 60
23 15 308 95
23 19 90 53
23 16 171 67
23 40 72 96
23 30 255 82
23 37 261 64
24 26 37 55
24 31 203 72
24 36 163 53
24 9 139 84
24 10 34 78
24 43 49 64
24 21 110 54
24 17 229 63
24 4 42 99
24 31 163 94
24 13 50 70
24 2 52 55
24 18 164 58
24 34 387 86
25 48 394 51
25 47 76 53
25 42 267 87
25 22 210 87
25 13 41 69
25 10 277 57
25 45 228 53
25 44 332 67
25 24 281 77
25 10 311 52
26 6 47 61
26 14 326 79
26 21 297 94
26 43 42 97
26 6 15 96
26 44 374 55
26 7 133 53
26 39 325 71
26 49 97 76
26 52 179 98
26 30 179 65
26 39 239 78
26 30 215 76
26 34 262 58
26 14 83 100
26 5 142 75
26 39 111 66
26 15 13 86
26 3 377 73
27 19 380 71
27 42 318 86
27 44 187 53
27 35 277 59
27 26 105 90
27 23 346 82
27 30 68 77
27 34 134 74
27 48 98 64
27 38 361 86
27 23 291 93
28 27 269 67
28 23 337 80
28 5 160 52
28 20 242 93
28 42 300 76
28 29 249 71
28 20 86 69
28 51 297 62
28 44 295 71
28 15 274 55
28 17 24 66
28 41 169 89
28 7 205 59
28 35 374 63
29 11 130 82
29 45 30 87
29 7 282 62
29 50 39 55
29 48 142 57
29 42 1 83
29 21 250 55
29 38 5 71
29 5 227 52
29 45 158 51
29 35 306 97
30 36 210 88
30 33 106 83
30 40 391 76
30 32 204 66
30 35 249 99
30 15 192 100
30 6 81 57
30 6 150 91
30 48 259 69
30 45 202 85
30 3 393 59
30 27 151 79
30 23 5 54
30 6 189 71
30 47 294 71
30 12 304 77
30 8 49 75
30 24 314 88
30 24 135 72
30 17 89 51
31 25 316 81
31 33 341 76
31 39 290 58
31 37 59 72
31 39 81 57
31 12 57 62
31 18 79 96
31 30 253 85
31 34 313 57
31 52 299 88
31 1 77 91
31 42 74 60
31 38 272 89
31 17 75 76
31 23 131 90
31 29 160 64
31 7 61 66
31 21 161 94
31 2 159 89
31 52 332 57
32 35 321 83
32 18 158 58
32 45 286 94
32 45 155 56
32 17 55 76
32 34 116 57
32 31 195 80
32 15 121 70
32 48 181 78
32 15 259 69
32 47 268 93
32 10 156 70
32 40 389 55
32 28 209 100
32 41 96 95
32 1 139 93
32 44 209 64
32 6 207 65
32 9 310 61
32 42 27 51
33 5 54 75
33 22 235 87
33 24 228 99
33 45 372 97
33 49 309 74
33 49 183 83
33 25 270 69
33 28 214 89
33 30 344 79
33 14 24 81
33 10 37 72
33 46 117 61
33 34 220 82
33 48 198 83
33 6 274 87
33 12 149 60
33 49 46 96
33 23 131 66
34 6 109 52
34 41 46 61
34 8 383 58
34 39 210 91
34 23 378 60
34 49 217 93
34 43 305 60
34 9 243 55
34 32 25 86
34 11 161 60
34 51 309 75
34 15 2 89
35 47 264 100
35 23 200 58
35 38 344 85
35 30 196 81
35 49 56 68
35 44 80 87
35 29 323 66
35 15 395 84
35 48 360 93
35 22 46 56
35 2 355 96
35 25 284 59
35 32 229 70
35 44 152 84
35 14 297 60
36 37 383 71
36 18 134 96
36 18 159 62
36 30 355 93
36 40 221 57
36 17 153 90
36 42 79 57
36 8 220 69
36 18 9 52
36 25 397 60
36 27 208 66
36 37 393 86
36 7 24 94
36 43 297 67
36 20 263 86
36 19 95 54
36 18 12 58
37 21 274 88
37 24 397 63
37 21 312 81
37 13 100 89
37 19 83 73
37 7 73 61
37 50 296 58
37 8 228 59
37 19 52 59
37 20 150 94
37 45 138 73
37 33 207 95
37 40 216 66
37 6 20 95
37 25 280 85
37 50 246 64
37 42 266 53
37 28 356 97
37 10 86 90
37 36 377 73
37 18 309 73
38 27 42 76
38 25 22 79
38 24 96 58
38 10 305 89
38 40 282 71
38 20 22 52
38 19 208 65
38 44 78 76
38 44 258 73
38 17 235 82
38 34 355 80
39 41 334 85
39 47 80 60
39 43 327 59
39 2 30 97
39 27 236 74
39 25 190 95
39 9 15 96
39 1 303 62
39 36 172 67
39 46 178 60
39 21 121 81
39 23 307 62
39 7 295 65
39 26 276 88
39 51 82 78
39 23 384 75
40 9 9 82
40 44 349 92
40 11 110 85
40 48 248 83
40 29 334 83
40 12 287 56
40 7 147 63
40 18 187 91
40 4 197 54
40 25 207 89
40 17 298 87
40 46 240 95
41 9 339 86
41 20 288 97
41 34 142 83
41 32 166 89
41 34 18 82
41 4 318 86
41 18 162 79
41 26 241 72
41 33 308 87
41 42 190 61
41 30 201 87
41 33 311 76
41 24 304 74
41 13 174 91
41 11 85 87
41 3 49 62
41 4 38 64
41 10 400 76
41 21 296 80
41 50 353 64
41 37 314 96
42 23 323 80
42 26 248 59
42 28 20 83
42 20 271 76
42 21 217 99
42 3 338 51
42 8 327 89
42 20 48 77
42 4 107 89
42 25 399 59
42 20 73 52
42 8 213 82
43 19 356 92
43 38 4 79
43 1 342 57
43 52 209 52
43 6 31 91
43 27 17 93
43 42 232 67
43 48 235 66
43 23 388 89
43 4 116 75
43 44 390 86
43 48 76 67
43 1 196 54
43 28 115 77
43 14 39 59
43 23 324 99
43 38 299 85
43 20 59 88
44 23 210 53
44 13 115 72
44 34 73 58
44 14 291 82
44 10 369 70
44 5 211 57
44 27 284 98
44 8 135 93
44 30 331 71
44 11 366 94
44 21 353 56
44 51 377 52
44 32 309 54
44 46 288 88
44 51 318 71
44 16 383 74
44 51 267 58
45 19 64 75
45 22 346 88
45 22 197 94
45 1 40 100
45 40 177 60
45 33 157 84
45 7 260 59
45 43 110 89
45 21 391 95
45 39 181 54
45 25 40 62
45 35 256 71
45 18 68 100
45 10 233 91
46 19 204 58
46 42 318 63
46 26 380 100
46 16 332 60
46 31 312 75
46 51 296 68
46 36 360 53
46 23 352 69
46 38 119 53
46 36 119 97
46 42 393 79
46 4 78 94
46 41 392 51
46 2 181 98
47 32 273 62
47 26 178 66
47 39 187 90
47 21 48 74
47 34 190 87
47 41 173 73
47 25 232 98
47 1 329 81
47 15 197 81
47 11 122 92
47 42 392 97
47 16 310 83
47 43 269 77
47 43 26 60
47 39 230 60
47 42 245 86
47 31 96 53
47 23 93 87
47 29 272 89
48 19 307 64
48 6 366 68
48 22 236 67
48 33 238 88
48 8 118 76
48 15 285 87
48 2 253 79
48 19 323 61
48 20 162 93
48 50 276 92
48 47 141 62
48 5 260 61
48 42 385 63
48 1 141 85
48 27 165 60
48 47 242 76
48 44 149 89
48 10 46 62
48 5 391 62
48 30 327 72
49 37 293 96
49 1 189 63
49 1 19 87
49 11 132 88
49 48 8 99
49 29 132 61
49 43 279 87
49 34 106 100
49 14 317 97
49 8 309 77
49 45 80 61
49 24 336 92
49 35 92 54
49 4 95 52
49 50 340 79
49 15 29 52
49 23 106 51
50 5 142 54
50 40 28 98
50 33 261 98
50 44 279 53
50 13 127 66
50 27 331 71
50 42 268 96
50 11 54 98
50 48 209 58
50 29 112 98
50 51 384 58
50 11 199 82
50 29 63 77
50 23 287 83
50 15 225 69
50 42 242 99
50 42 179 93
50 6 209 84
50 9 170 75
50 26 46 63
50 33 123 78
50 3 335 95
51 18 153 75
51 16 206 67
51 36 114 64
51 37 36 95
51 3 393 82
51 7 103 77
51 17 320 89
51 37 263 90
51 40 224 64
51 5 165 68
51 15 172 69
51 8 399 69
51 42 171 89
51 10 356 88
52 21 308 99
52 30 266 93
52 19 180 67
52 37 389 86
52 34 351 60
52 22 392 100
52 10 70 92
52 47 112 78
52 28 378 93
52 7 385 53
52 39 322 61
52 45 342 79
52 5 104 71
