100 198 99
1 100 100 100
1 90 2 1
2 100 100 100
2 72 2 1
3 100 100 100
3 22 2 1
4 100 100 100
4 61 2 1
5 100 100 100
5 20 2 1
6 100 100 100
6 28 2 1
7 100 100 100
7 66 2 1
8 100 100 100
8 90 2 1
9 100 100 100
9 30 2 1
10 100 100 100
10 62 2 1
11 100 100 100
11 82 2 1
12 100 100 100
12 36 2 1
13 100 100 100
13 57 2 1
14 100 100 100
14 2 2 1
15 100 100 100
15 37 2 1
16 100 100 100
16 97 2 1
17 100 100 100
17 73 2 1
18 100 100 100
18 18 2 1
19 100 100 100
19 45 2 1
20 100 100 100
20 12 2 1
21 100 100 100
21 84 2 1
22 100 100 100
22 43 2 1
23 100 100 100
23 28 2 1
24 100 100 100
24 54 2 1
25 100 100 100
25 7 2 1
26 100 100 100
26 44 2 1
27 100 100 100
27 63 2 1
28 100 100 100
28 69 2 1
29 100 100 100
29 80 2 1
30 100 100 100
30 73 2 1
31 100 100 100
31 16 2 1
32 100 100 100
32 71 2 1
33 100 100 100
33 97 2 1
34 100 100 100
34 29 2 1
35 100 100 100
35 12 2 1
36 100 100 100
36 57 2 1
37 100 100 100
37 88 2 1
38 100 100 100
38 8 2 1
39 100 100 100
39 87 2 1
40 100 100 100
40 9 2 1
41 100 100 100
41 40 2 1
42 100 100 100
42 44 2 1
43 100 100 100
43 2 2 1
44 100 100 100
44 69 2 1
45 100 100 100
45 20 2 1
46 100 100 100
46 99 2 1
47 100 100 100
47 46 2 1
48 100 100 100
48 77 2 1
49 100 100 100
49 2 2 1
50 100 100 100
50 88 2 1
51 100 100 100
51 27 2 1
52 100 100 100
52 39 2 1
53 100 100 100
53 95 2 1
54 100 100 100
54 16 2 1
55 100 100 100
55 78 2 1
56 100 100 100
56 39 2 1
57 100 100 100
57 87 2 1
58 100 100 100
58 33 2 1
59 100 100 100
59 89 2 1
60 100 100 100
60 17 2 1
61 100 100 100
61 75 2 1
62 100 100 100
62 44 2 1
63 100 100 100
63 81 2 1
64 100 100 100
64 20 2 1
65 100 100 100
65 22 2 1
66 100 100 100
66 68 2 1
67 100 100 100
67 85 2 1
68 100 100 100
68 12 2 1
69 100 100 100
69 9 2 1
70 100 100 100
70 51 2 1
71 100 100 100
71 60 2 1
72 100 100 100
72 69 2 1
73 100 100 100
73 26 2 1
74 100 100 100
74 64 2 1
75 100 100 100
75 73 2 1
76 100 100 100
76 50 2 1
77 100 100 100
77 30 2 1
78 100 100 100
78 31 2 1
79 100 100 100
79 21 2 1
80 100 100 100
80 96 2 1
81 100 100 100
81 14 2 1
82 100 100 100
82 64 2 1
83 100 100 100
83 10 2 1
84 100 100 100
84 3 2 1
85 100 100 100
85 83 2 1
86 100 100 100
86 26 2 1
87 100 100 100
87 9 2 1
88 100 100 100
88 78 2 1
89 100 100 100
89 62 2 1
90 100 100 100
90 58 2 1
91 100 100 100
91 97 2 1
92 100 100 100
92 90 2 1
93 100 100 100
93 30 2 1
94 100 100 100
94 56 2 1
95 100 100 100
95 77 2 1
96 100 100 100
96 61 2 1
97 100 100 100
97 77 2 1
98 100 100 100
98 58 2 1
99 100 100 100
99 9 2 1
