53 470 172
1 15 168 89
1 36 395 93
1 2 236 79
1 44 162 90
1 4 357 75
1 46 8 77
2 21 372 96
2 24 160 92
2 47 18 53
2 37 354 66
2 17 25 76
2 8 1 81
2 49 68 67
2 43 246 80
2 42 341 63
3 38 325 98
3 52 85 60
3 33 232 69
3 30 368 84
3 13 72 54
3 45 357 63
3 14 230 53
3 31 155 70
3 23 284 86
3 20 90 94
4 48 376 60
4 26 98 51
4 37 282 67
4 10 264 60
4 43 201 88
4 10 70 51
4 50 277 56
4 11 287 85
4 43 19 81
4 37 255 80
4 51 307 62
4 15 2 83
4 15 374 72
4 50 347 84
5 43 71 51
5 25 294 91
5 33 361 92
5 11 60 62
5 17 191 88
5 30 41 63
5 53 377 77
5 40 307 68
5 24 214 86
5 41 284 88
5 39 86 96
5 41 211 77
6 20 91 56
6 17 169 56
6 23 43 66
6 14 346 59
6 10 275 56
6 11 290 79
7 34 87 65
7 17 100 58
7 48 24 64
7 51 100 51
7 16 156 91
7 45 242 57
7 44 61 94
7 36 13 85
8 18 378 79
8 42 354 67
8 7 229 69
8 30 53 92
8 21 62 85
8 36 59 95
8 21 235 81
8 45 158 74
9 11 302 52
9 29 291 78
9 52 64 83
9 44 92 52
9 53 124 68
9 50 88 68
9 2 313 69
9 52 92 72
9 15 40 71
10 42 134 59
10 38 238 100
10 48 242 88
10 18 75 70
10 50 345 85
10 41 296 62
10 14 118 77
10 9 31 79
10 18 145 93
10 18 220 84
11 2 110 82
11 20 314 71
11 51 282 51
11 22 88 89
11 38 208 79
11 48 360 84
11 20 34 60
11 3 308 64
12 46 97 72
12 28 230 51
12 30 107 63
12 46 246 64
12 4 156 53
12 36 216 80
12 19 390 85
12 1 157 75
12 16 45 85
13 12 225 95
13 23 52 59
13 36 319 62
13 48 199 52
13 12 85 80
13 31 157 80
14 33 79 67
14 45 119 100
14 4 46 55
14 16 168 79
14 30 124 52
14 40 136 91
14 37 305 100
14 48 121 67
14 26 154 79
14 34 267 72
14 46 356 93
15 16 89 87
15 51 196 64
15 37 265 87
15 20 139 51
15 43 351 51
16 31 331 54
16 11 378 62
16 53 393 85
16 52 28 93
16 51 386 74
16 19 58 91
16 24 350 53
17 7 313 56
17 1 319 57
17 1 111 95
17 22 316 52
17 52 159 67
17 51 190 74
17 29 258 66
17 36 100 56
17 5 104 58
17 33 147 90
17 15 79 60
17 21 166 86
18 34 204 83
18 23 228 76
18 10 113 96
18 44 382 52
18 43 342 70
18 50 94 92
18 20 256 83
18 32 267 75
19 34 42 59
19 51 399 71
19 42 145 62
19 22 300 92
19 15 106 88
19 4 207 77
19 7 164 77
19 53 314 61
19 42 353 55
19 34 83 57
19 21 255 75
19 9 175 89
19 4 247 92
20 44 191 97
20 27 94 73
20 43 231 54
20 19 378 53
20 41 229 77
20 19 214 76
20 8 281 93
20 34 134 74
20 17 209 61
20 17 298 60
20 5 255 94
20 38 280 63
21 36 286 70
21 5 9 78
21 40 110 66
21 30 87 95
21 22 42 67
21 5 346 99
21 15 379 84
22 14 7 97
22 14 132 84
22 48 99 80
22 12 330 68
22 6 113 51
22 25 97 71
23 40 123 56
23 2 124 57
23 39 209 69
23 1 262 59
23 37 135 88
23 16 109 92
23 16 298 95
23 42 42 73
23 16 3 68
24 5 71 71
24 49 71 89
24 8 68 74
24 47 218 78
24 30 367 95
24 23 258 94
24 26 331 55
25 48 120 68
25 20 344 78
25 16 135 60
25 15 251 99
25 19 396 66
25 14 231 87
25 44 60 76
25 43 204 75
26 50 172 78
26 1 320 81
26 11 187 97
27 33 134 76
27 48 346 97
27 23 11 62
27 1 105 65
27 37 318 94
27 3 33 55
27 10 220 63
27 49 313 64
28 29 147 94
28 21 198 51
28 48 355 68
28 5 383 90
28 21 37 58
28 49 52 83
28 36 117 76
28 31 169 90
28 47 361 92
29 15 40 55
29 39 82 69
29 53 175 94
29 10 261 52
29 15 62 98
29 27 180 54
30 28 318 81
30 17 205 75
30 23 13 67
31 23 317 66
31 17 144 66
31 40 136 94
31 26 306 63
31 35 53 81
31 45 217 89
31 27 309 96
31 15 190 85
31 53 9 94
31 1 212 75
31 7 55 97
31 20 213 93
31 23 379 95
31 2 264 60
32 3 88 91
32 23 126 100
32 26 62 58
32 20 91 54
32 39 296 91
32 31 379 65
32 30 219 86
32 17 61 80
32 29 2 52
33 6 393 76
33 37 155 54
33 37 136 72
33 12 327 94
33 46 134 100
33 17 311 81
33 18 46 67
33 28 229 75
34 36 314 86
34 16 17 61
34 11 255 74
34 42 241 98
34 38 346 63
34 8 364 66
34 12 1 92
34 24 314 70
34 44 333 64
34 42 277 52
34 7 174 53
34 15 281 91
34 44 172 56
34 42 245 69
34 14 207 100
35 24 56 91
35 13 205 57
35 34 367 92
35 48 258 80
35 40 280 66
35 6 161 58
35 27 197 95
35 20 365 79
35 47 26 66
35 23 306 64
35 48 296 56
35 27 51 85
35 22 208 73
35 43 28 94
35 50 147 82
35 9 178 56
35 47 370 66
36 47 277 84
36 37 213 61
36 13 88 67
36 13 275 73
36 30 217 88
36 32 166 63
36 45 91 90
37 34 225 53
37 34 27 80
37 5 338 64
37 38 367 98
37 42 143 70
37 44 54 51
38 33 332 59
38 43 319 73
38 2 366 85
38 49 328 71
38 29 397 53
38 47 296 77
38 29 47 72
38 17 37 62
38 14 303 71
38 11 242 94
39 49 172 79
39 23 367 71
39 11 373 100
39 4 266 70
39 36 356 53
39 33 116 53
39 30 166 89
39 3 279 100
39 4 400 97
39 36 275 59
39 6 335 62
40 10 225 69
40 44 320 52
40 18 348 92
40 14 9 98
40 44 64 54
40 22 183 67
40 31 365 60
40 8 155 79
40 4 214 54
40 51 258 59
40 25 340 96
40 52 255 54
40 43 146 57
41 12 167 77
41 34 158 58
41 2 383 66
41 12 292 74
41 5 339 95
41 13 390 97
41 13 118 53
41 40 166 87
41 37 231 98
41 6 11 67
41 12 120 81
42 32 116 69
42 49 288 84
42 23 248 75
42 18 209 83
42 9 70 93
42 45 130 58
43 42 338 74
43 46 287 99
43 50 183 99
43 11 160 63
43 51 327 97
43 53 7 79
44 24 137 71
44 21 325 97
44 6 134 91
44 4 211 96
44 13 81 86
44 41 197 92
44 22 288 58
44 38 400 63
44 29 197 92
44 34 78 73
44 42 37 55
44 53 345 96
44 9 187 95
44 28 119 65
44 24 127 72
45 48 340 100
45 16 100 58
45 24 121 80
45 9 227 80
45 46 9 83
45 48 64 100
45 36 57 88
45 42 188 60
45 19 150 87
46 17 51 81
46 21 345 58
46 44 371 100
46 1 253 72
46 37 49 58
46 17 33 65
46 38 386 59
46 23 264 68
47 17 260 99
47 42 209 80
47 32 163 75
47 13 269 80
47 21 25 98
47 18 93 85
47 38 370 76
47 53 163 62
47 17 391 78
47 45 72 71
47 6 137 78
47 3 370 55
48 41 205 62
48 5 227 93
48 29 81 79
48 53 71 67
48 8 368 87
48 49 299 77
48 45 374 61
48 2 199 72
49 52 7 75
49 32 130 99
49 50 54 83
49 52 271 59
49 3 207 76
49 44 322 64
49 28 177 91
49 6 148 86
50 53 370 62
50 21 177 93
50 19 252 95
50 33 243 76
51 47 326 100
51 30 34 91
51 46 147 52
51 47 203 53
51 22 193 55
51 7 43 64
51 29 359 97
51 18 62 71
51 18 326 70
52 36 56 76
52 35 96 99
52 2 123 75
52 46 199 79
52 26 187 68
52 39 77 59
53 15 146 90
53 17 376 53
53 29 34 83
53 25 277 90
53 43 362 67
53 39 360 57
53 46 13 96
53 26 193 87
53 9 141 80
