197 351 774
1 167 126 100
1 98 135 95
2 125 357 74
2 49 363 62
2 186 156 82
3 187 106 54
3 86 221 99
3 65 300 87
3 12 322 55
3 162 367 55
4 120 204 55
5 150 385 92
5 55 345 57
5 160 290 77
7 53 162 65
7 56 291 69
7 165 319 69
7 58 350 80
9 69 67 84
9 16 122 70
10 17 294 54
10 23 204 52
11 47 90 98
11 150 212 64
13 7 13 68
15 111 311 89
15 162 60 97
15 182 382 81
15 183 158 81
15 137 234 66
15 176 190 62
16 52 97 53
16 182 215 94
16 97 148 94
16 64 96 100
16 128 60 79
18 147 233 97
18 193 334 71
19 116 37 61
19 126 369 77
20 176 324 57
21 82 321 58
21 124 184 73
22 74 182 55
22 64 163 100
24 97 263 59
24 52 395 74
25 114 381 79
25 75 1 62
26 144 188 78
26 13 349 81
27 42 372 95
28 71 399 66
29 55 285 86
29 34 400 81
30 5 307 79
31 184 371 83
32 131 20 64
33 87 16 65
33 21 298 86
34 61 330 64
35 105 322 98
35 43 382 91
35 166 62 61
37 108 184 55
37 26 46 51
38 116 286 65
39 72 188 69
39 32 205 92
39 126 257 51
39 18 176 66
40 185 178 84
40 143 197 99
42 140 227 76
42 19 97 73
43 123 372 87
43 148 371 59
44 154 383 63
45 195 201 96
45 75 265 82
46 11 267 100
46 22 48 93
47 135 22 80
47 158 2 76
47 154 261 99
47 129 123 74
47 151 166 75
48 170 177 60
48 163 23 57
48 6 8 82
49 153 181 80
49 171 376 95
50 181 13 75
51 106 77 80
51 61 396 57
52 180 306 66
53 4 79 69
55 76 244 84
55 133 108 84
57 54 29 91
58 14 13 74
58 51 97 80
58 162 317 93
58 117 153 62
59 71 249 70
59 89 65 62
60 7 65 59
61 124 327 54
61 154 67 73
61 100 253 81
61 101 75 73
61 96 116 92
61 152 41 92
62 144 280 52
62 191 127 74
62 140 57 86
63 120 327 68
63 58 275 76
63 2 7 55
64 82 302 86
64 171 300 69
65 99 148 79
67 133 224 92
68 195 270 72
68 120 389 70
68 87 35 88
68 110 180 68
70 64 305 53
70 14 261 54
70 187 219 81
70 180 390 81
70 136 121 100
71 87 58 85
71 89 231 67
71 94 168 65
71 148 283 97
73 70 56 58
74 34 126 81
74 193 12 79
75 136 322 65
75 3 268 77
75 105 104 62
75 90 146 85
77 112 327 72
77 165 124 56
77 72 98 53
78 28 66 53
80 97 272 87
80 167 79 87
80 155 126 87
80 63 271 71
81 192 398 89
82 43 105 99
82 158 222 86
84 167 295 73
84 119 176 63
84 162 202 92
85 164 258 82
85 114 76 79
86 35 61 74
87 57 191 61
87 81 160 85
87 195 336 55
88 8 253 66
88 111 332 63
88 110 223 71
91 37 16 92
91 42 325 59
91 73 183 65
92 189 8 96
93 162 374 87
94 167 175 95
94 119 202 58
95 53 150 51
95 88 358 73
96 66 125 69
96 69 60 68
96 172 55 83
97 33 195 92
97 43 303 92
98 170 85 100
98 137 182 71
99 93 248 78
100 52 265 58
100 102 74 89
101 100 232 56
101 141 292 84
101 125 121 89
101 28 4 68
102 187 126 99
102 22 322 99
103 110 372 100
103 146 213 80
103 106 104 77
104 26 231 67
104 35 381 80
105 42 168 63
106 172 176 58
106 112 387 90
106 176 206 98
107 185 128 64
108 39 328 81
109 176 73 89
109 35 391 91
109 119 91 64
109 35 360 92
111 151 15 58
111 82 179 66
112 19 9 95
112 67 169 78
112 132 147 91
113 102 364 62
113 70 161 60
113 138 305 91
114 61 280 84
114 62 155 90
115 48 95 80
116 74 333 76
116 161 400 57
116 105 398 83
116 41 92 96
118 170 39 60
118 41 316 55
118 24 204 65
119 54 67 87
120 148 109 88
120 37 138 57
122 172 287 92
122 12 81 78
122 65 254 98
123 104 342 100
123 15 348 94
123 70 389 81
123 35 186 51
124 125 300 61
124 12 194 78
125 170 51 52
125 197 21 92
125 100 220 85
126 13 317 61
127 95 33 89
127 62 108 100
128 29 311 80
128 108 156 74
131 161 53 63
131 170 142 89
131 139 218 69
131 45 8 80
132 165 278 54
133 24 18 66
134 83 142 89
134 182 63 80
135 40 181 62
137 163 179 62
137 48 231 96
137 87 288 88
138 152 134 90
139 117 85 87
140 152 248 56
140 20 282 79
140 151 240 96
140 110 229 58
141 179 305 89
141 148 357 87
141 109 133 82
142 25 328 78
142 196 61 91
142 8 25 55
143 37 322 65
143 6 379 57
144 1 38 91
145 152 20 51
148 108 114 58
148 84 78 97
150 33 359 59
151 145 76 76
151 127 269 58
152 5 63 69
152 104 91 74
154 37 364 85
154 25 118 66
155 32 110 54
156 141 160 58
156 176 181 84
158 56 128 85
160 56 348 64
160 32 214 69
161 6 392 64
161 139 309 73
161 30 104 66
162 29 55 96
162 170 322 92
162 89 325 93
162 180 354 84
164 101 398 84
164 170 227 77
165 48 82 80
165 188 258 93
166 101 327 72
167 6 270 84
167 122 75 68
167 128 4 65
168 195 217 58
170 124 14 91
170 22 23 54
170 165 319 66
171 38 11 69
172 38 154 93
172 154 185 81
172 7 250 83
172 99 176 54
173 2 48 89
173 81 305 77
174 197 66 65
174 55 211 58
175 45 188 83
175 92 140 68
176 88 218 85
178 147 72 83
178 190 87 92
178 44 368 73
178 184 108 94
180 53 159 54
180 64 205 73
180 106 376 67
180 54 178 70
182 55 71 81
185 14 362 93
186 113 28 100
186 117 314 62
186 88 361 52
186 59 186 91
187 15 302 52
187 2 243 81
187 72 27 75
187 189 358 73
188 41 224 79
188 108 167 72
189 140 301 94
189 104 387 92
190 40 313 93
191 51 372 87
192 189 72 76
192 86 305 61
193 197 300 82
193 68 231 73
194 21 223 63
195 11 71 58
196 14 355 55
197 175 29 53
197 98 103 94
