500 998 100
1 2 2 1
1 500 1000 100
2 3 2 1
2 500 1000 100
3 4 2 1
3 500 1000 100
4 5 2 1
4 500 1000 100
5 6 2 1
5 500 1000 100
6 7 2 1
6 500 1000 100
7 8 2 1
7 500 1000 100
8 9 2 1
8 500 1000 100
9 10 2 1
9 500 1000 100
10 11 2 1
10 500 1000 100
11 12 2 1
11 500 1000 100
12 13 2 1
12 500 1000 100
13 14 2 1
13 500 1000 100
14 15 2 1
14 500 1000 100
15 16 2 1
15 500 1000 100
16 17 2 1
16 500 1000 100
17 18 2 1
17 500 1000 100
18 19 2 1
18 500 1000 100
19 20 2 1
19 500 1000 100
20 21 2 1
20 500 1000 100
21 22 2 1
21 500 1000 100
22 23 2 1
22 500 1000 100
23 24 2 1
23 500 1000 100
24 25 2 1
24 500 1000 100
25 26 2 1
25 500 1000 100
26 27 2 1
26 500 1000 100
27 28 2 1
27 500 1000 100
28 29 2 1
28 500 1000 100
29 30 2 1
29 500 1000 100
30 31 2 1
30 500 1000 100
31 32 2 1
31 500 1000 100
32 33 2 1
32 500 1000 100
33 34 2 1
33 500 1000 100
34 35 2 1
34 500 1000 100
35 36 2 1
35 500 1000 100
36 37 2 1
36 500 1000 100
37 38 2 1
37 500 1000 100
38 39 2 1
38 500 1000 100
39 40 2 1
39 500 1000 100
40 41 2 1
40 500 1000 100
41 42 2 1
41 500 1000 100
42 43 2 1
42 500 1000 100
43 44 2 1
43 500 1000 100
44 45 2 1
44 500 1000 100
45 46 2 1
45 500 1000 100
46 47 2 1
46 500 1000 100
47 48 2 1
47 500 1000 100
48 49 2 1
48 500 1000 100
49 50 2 1
49 500 1000 100
50 51 2 1
50 500 1000 100
51 52 2 1
51 500 1000 100
52 53 2 1
52 500 1000 100
53 54 2 1
53 500 1000 100
54 55 2 1
54 500 1000 100
55 56 2 1
55 500 1000 100
56 57 2 1
56 500 1000 100
57 58 2 1
57 500 1000 100
58 59 2 1
58 500 1000 100
59 60 2 1
59 500 1000 100
60 61 2 1
60 500 1000 100
61 62 2 1
61 500 1000 100
62 63 2 1
62 500 1000 100
63 64 2 1
63 500 1000 100
64 65 2 1
64 500 1000 100
65 66 2 1
65 500 1000 100
66 67 2 1
66 500 1000 100
67 68 2 1
67 500 1000 100
68 69 2 1
68 500 1000 100
69 70 2 1
69 500 1000 100
70 71 2 1
70 500 1000 100
71 72 2 1
71 500 1000 100
72 73 2 1
72 500 1000 100
73 74 2 1
73 500 1000 100
74 75 2 1
74 500 1000 100
75 76 2 1
75 500 1000 100
76 77 2 1
76 500 1000 100
77 78 2 1
77 500 1000 100
78 79 2 1
78 500 1000 100
79 80 2 1
79 500 1000 100
80 81 2 1
80 500 1000 100
81 82 2 1
81 500 1000 100
82 83 2 1
82 500 1000 100
83 84 2 1
83 500 1000 100
84 85 2 1
84 500 1000 100
85 86 2 1
85 500 1000 100
86 87 2 1
86 500 1000 100
87 88 2 1
87 500 1000 100
88 89 2 1
88 500 1000 100
89 90 2 1
89 500 1000 100
90 91 2 1
90 500 1000 100
91 92 2 1
91 500 1000 100
92 93 2 1
92 500 1000 100
93 94 2 1
93 500 1000 100
94 95 2 1
94 500 1000 100
95 96 2 1
95 500 1000 100
96 97 2 1
96 500 1000 100
97 98 2 1
97 500 1000 100
98 99 2 1
98 500 1000 100
99 100 2 1
99 500 1000 100
100 101 2 1
100 500 1000 100
101 102 2 1
101 500 1000 100
102 103 2 1
102 500 1000 100
103 104 2 1
103 500 1000 100
104 105 2 1
104 500 1000 100
105 106 2 1
105 500 1000 100
106 107 2 1
106 500 1000 100
107 108 2 1
107 500 1000 100
108 109 2 1
108 500 1000 100
109 110 2 1
109 500 1000 100
110 111 2 1
110 500 1000 100
111 112 2 1
111 500 1000 100
112 113 2 1
112 500 1000 100
113 114 2 1
113 500 1000 100
114 115 2 1
114 500 1000 100
115 116 2 1
115 500 1000 100
116 117 2 1
116 500 1000 100
117 118 2 1
117 500 1000 100
118 119 2 1
118 500 1000 100
119 120 2 1
119 500 1000 100
120 121 2 1
120 500 1000 100
121 122 2 1
121 500 1000 100
122 123 2 1
122 500 1000 100
123 124 2 1
123 500 1000 100
124 125 2 1
124 500 1000 100
125 126 2 1
125 500 1000 100
126 127 2 1
126 500 1000 100
127 128 2 1
127 500 1000 100
128 129 2 1
128 500 1000 100
129 130 2 1
129 500 1000 100
130 131 2 1
130 500 1000 100
131 132 2 1
131 500 1000 100
132 133 2 1
132 500 1000 100
133 134 2 1
133 500 1000 100
134 135 2 1
134 500 1000 100
135 136 2 1
135 500 1000 100
136 137 2 1
136 500 1000 100
137 138 2 1
137 500 1000 100
138 139 2 1
138 500 1000 100
139 140 2 1
139 500 1000 100
140 141 2 1
140 500 1000 100
141 142 2 1
141 500 1000 100
142 143 2 1
142 500 1000 100
143 144 2 1
143 500 1000 100
144 145 2 1
144 500 1000 100
145 146 2 1
145 500 1000 100
146 147 2 1
146 500 1000 100
147 148 2 1
147 500 1000 100
148 149 2 1
148 500 1000 100
149 150 2 1
149 500 1000 100
150 151 2 1
150 500 1000 100
151 152 2 1
151 500 1000 100
152 153 2 1
152 500 1000 100
153 154 2 1
153 500 1000 100
154 155 2 1
154 500 1000 100
155 156 2 1
155 500 1000 100
156 157 2 1
156 500 1000 100
157 158 2 1
157 500 1000 100
158 159 2 1
158 500 1000 100
159 160 2 1
159 500 1000 100
160 161 2 1
160 500 1000 100
161 162 2 1
161 500 1000 100
162 163 2 1
162 500 1000 100
163 164 2 1
163 500 1000 100
164 165 2 1
164 500 1000 100
165 166 2 1
165 500 1000 100
166 167 2 1
166 500 1000 100
167 168 2 1
167 500 1000 100
168 169 2 1
168 500 1000 100
169 170 2 1
169 500 1000 100
170 171 2 1
170 500 1000 100
171 172 2 1
171 500 1000 100
172 173 2 1
172 500 1000 100
173 174 2 1
173 500 1000 100
174 175 2 1
174 500 1000 100
175 176 2 1
175 500 1000 100
176 177 2 1
176 500 1000 100
177 178 2 1
177 500 1000 100
178 179 2 1
178 500 1000 100
179 180 2 1
179 500 1000 100
180 181 2 1
180 500 1000 100
181 182 2 1
181 500 1000 100
182 183 2 1
182 500 1000 100
183 184 2 1
183 500 1000 100
184 185 2 1
184 500 1000 100
185 186 2 1
185 500 1000 100
186 187 2 1
186 500 1000 100
187 188 2 1
187 500 1000 100
188 189 2 1
188 500 1000 100
189 190 2 1
189 500 1000 100
190 191 2 1
190 500 1000 100
191 192 2 1
191 500 1000 100
192 193 2 1
192 500 1000 100
193 194 2 1
193 500 1000 100
194 195 2 1
194 500 1000 100
195 196 2 1
195 500 1000 100
196 197 2 1
196 500 1000 100
197 198 2 1
197 500 1000 100
198 199 2 1
198 500 1000 100
199 200 2 1
199 500 1000 100
200 201 2 1
200 500 1000 100
201 202 2 1
201 500 1000 100
202 203 2 1
202 500 1000 100
203 204 2 1
203 500 1000 100
204 205 2 1
204 500 1000 100
205 206 2 1
205 500 1000 100
206 207 2 1
206 500 1000 100
207 208 2 1
207 500 1000 100
208 209 2 1
208 500 1000 100
209 210 2 1
209 500 1000 100
210 211 2 1
210 500 1000 100
211 212 2 1
211 500 1000 100
212 213 2 1
212 500 1000 100
213 214 2 1
213 500 1000 100
214 215 2 1
214 500 1000 100
215 216 2 1
215 500 1000 100
216 217 2 1
216 500 1000 100
217 218 2 1
217 500 1000 100
218 219 2 1
218 500 1000 100
219 220 2 1
219 500 1000 100
220 221 2 1
220 500 1000 100
221 222 2 1
221 500 1000 100
222 223 2 1
222 500 1000 100
223 224 2 1
223 500 1000 100
224 225 2 1
224 500 1000 100
225 226 2 1
225 500 1000 100
226 227 2 1
226 500 1000 100
227 228 2 1
227 500 1000 100
228 229 2 1
228 500 1000 100
229 230 2 1
229 500 1000 100
230 231 2 1
230 500 1000 100
231 232 2 1
231 500 1000 100
232 233 2 1
232 500 1000 100
233 234 2 1
233 500 1000 100
234 235 2 1
234 500 1000 100
235 236 2 1
235 500 1000 100
236 237 2 1
236 500 1000 100
237 238 2 1
237 500 1000 100
238 239 2 1
238 500 1000 100
239 240 2 1
239 500 1000 100
240 241 2 1
240 500 1000 100
241 242 2 1
241 500 1000 100
242 243 2 1
242 500 1000 100
243 244 2 1
243 500 1000 100
244 245 2 1
244 500 1000 100
245 246 2 1
245 500 1000 100
246 247 2 1
246 500 1000 100
247 248 2 1
247 500 1000 100
248 249 2 1
248 500 1000 100
249 250 2 1
249 500 1000 100
250 251 2 1
250 500 1000 100
251 252 2 1
251 500 1000 100
252 253 2 1
252 500 1000 100
253 254 2 1
253 500 1000 100
254 255 2 1
254 500 1000 100
255 256 2 1
255 500 1000 100
256 257 2 1
256 500 1000 100
257 258 2 1
257 500 1000 100
258 259 2 1
258 500 1000 100
259 260 2 1
259 500 1000 100
260 261 2 1
260 500 1000 100
261 262 2 1
261 500 1000 100
262 263 2 1
262 500 1000 100
263 264 2 1
263 500 1000 100
264 265 2 1
264 500 1000 100
265 266 2 1
265 500 1000 100
266 267 2 1
266 500 1000 100
267 268 2 1
267 500 1000 100
268 269 2 1
268 500 1000 100
269 270 2 1
269 500 1000 100
270 271 2 1
270 500 1000 100
271 272 2 1
271 500 1000 100
272 273 2 1
272 500 1000 100
273 274 2 1
273 500 1000 100
274 275 2 1
274 500 1000 100
275 276 2 1
275 500 1000 100
276 277 2 1
276 500 1000 100
277 278 2 1
277 500 1000 100
278 279 2 1
278 500 1000 100
279 280 2 1
279 500 1000 100
280 281 2 1
280 500 1000 100
281 282 2 1
281 500 1000 100
282 283 2 1
282 500 1000 100
283 284 2 1
283 500 1000 100
284 285 2 1
284 500 1000 100
285 286 2 1
285 500 1000 100
286 287 2 1
286 500 1000 100
287 288 2 1
287 500 1000 100
288 289 2 1
288 500 1000 100
289 290 2 1
289 500 1000 100
290 291 2 1
290 500 1000 100
291 292 2 1
291 500 1000 100
292 293 2 1
292 500 1000 100
293 294 2 1
293 500 1000 100
294 295 2 1
294 500 1000 100
295 296 2 1
295 500 1000 100
296 297 2 1
296 500 1000 100
297 298 2 1
297 500 1000 100
298 299 2 1
298 500 1000 100
299 300 2 1
299 500 1000 100
300 301 2 1
300 500 1000 100
301 302 2 1
301 500 1000 100
302 303 2 1
302 500 1000 100
303 304 2 1
303 500 1000 100
304 305 2 1
304 500 1000 100
305 306 2 1
305 500 1000 100
306 307 2 1
306 500 1000 100
307 308 2 1
307 500 1000 100
308 309 2 1
308 500 1000 100
309 310 2 1
309 500 1000 100
310 311 2 1
310 500 1000 100
311 312 2 1
311 500 1000 100
312 313 2 1
312 500 1000 100
313 314 2 1
313 500 1000 100
314 315 2 1
314 500 1000 100
315 316 2 1
315 500 1000 100
316 317 2 1
316 500 1000 100
317 318 2 1
317 500 1000 100
318 319 2 1
318 500 1000 100
319 320 2 1
319 500 1000 100
320 321 2 1
320 500 1000 100
321 322 2 1
321 500 1000 100
322 323 2 1
322 500 1000 100
323 324 2 1
323 500 1000 100
324 325 2 1
324 500 1000 100
325 326 2 1
325 500 1000 100
326 327 2 1
326 500 1000 100
327 328 2 1
327 500 1000 100
328 329 2 1
328 500 1000 100
329 330 2 1
329 500 1000 100
330 331 2 1
330 500 1000 100
331 332 2 1
331 500 1000 100
332 333 2 1
332 500 1000 100
333 334 2 1
333 500 1000 100
334 335 2 1
334 500 1000 100
335 336 2 1
335 500 1000 100
336 337 2 1
336 500 1000 100
337 338 2 1
337 500 1000 100
338 339 2 1
338 500 1000 100
339 340 2 1
339 500 1000 100
340 341 2 1
340 500 1000 100
341 342 2 1
341 500 1000 100
342 343 2 1
342 500 1000 100
343 344 2 1
343 500 1000 100
344 345 2 1
344 500 1000 100
345 346 2 1
345 500 1000 100
346 347 2 1
346 500 1000 100
347 348 2 1
347 500 1000 100
348 349 2 1
348 500 1000 100
349 350 2 1
349 500 1000 100
350 351 2 1
350 500 1000 100
351 352 2 1
351 500 1000 100
352 353 2 1
352 500 1000 100
353 354 2 1
353 500 1000 100
354 355 2 1
354 500 1000 100
355 356 2 1
355 500 1000 100
356 357 2 1
356 500 1000 100
357 358 2 1
357 500 1000 100
358 359 2 1
358 500 1000 100
359 360 2 1
359 500 1000 100
360 361 2 1
360 500 1000 100
361 362 2 1
361 500 1000 100
362 363 2 1
362 500 1000 100
363 364 2 1
363 500 1000 100
364 365 2 1
364 500 1000 100
365 366 2 1
365 500 1000 100
366 367 2 1
366 500 1000 100
367 368 2 1
367 500 1000 100
368 369 2 1
368 500 1000 100
369 370 2 1
369 500 1000 100
370 371 2 1
370 500 1000 100
371 372 2 1
371 500 1000 100
372 373 2 1
372 500 1000 100
373 374 2 1
373 500 1000 100
374 375 2 1
374 500 1000 100
375 376 2 1
375 500 1000 100
376 377 2 1
376 500 1000 100
377 378 2 1
377 500 1000 100
378 379 2 1
378 500 1000 100
379 380 2 1
379 500 1000 100
380 381 2 1
380 500 1000 100
381 382 2 1
381 500 1000 100
382 383 2 1
382 500 1000 100
383 384 2 1
383 500 1000 100
384 385 2 1
384 500 1000 100
385 386 2 1
385 500 1000 100
386 387 2 1
386 500 1000 100
387 388 2 1
387 500 1000 100
388 389 2 1
388 500 1000 100
389 390 2 1
389 500 1000 100
390 391 2 1
390 500 1000 100
391 392 2 1
391 500 1000 100
392 393 2 1
392 500 1000 100
393 394 2 1
393 500 1000 100
394 395 2 1
394 500 1000 100
395 396 2 1
395 500 1000 100
396 397 2 1
396 500 1000 100
397 398 2 1
397 500 1000 100
398 399 2 1
398 500 1000 100
399 400 2 1
399 500 1000 100
400 401 2 1
400 500 1000 100
401 402 2 1
401 500 1000 100
402 403 2 1
402 500 1000 100
403 404 2 1
403 500 1000 100
404 405 2 1
404 500 1000 100
405 406 2 1
405 500 1000 100
406 407 2 1
406 500 1000 100
407 408 2 1
407 500 1000 100
408 409 2 1
408 500 1000 100
409 410 2 1
409 500 1000 100
410 411 2 1
410 500 1000 100
411 412 2 1
411 500 1000 100
412 413 2 1
412 500 1000 100
413 414 2 1
413 500 1000 100
414 415 2 1
414 500 1000 100
415 416 2 1
415 500 1000 100
416 417 2 1
416 500 1000 100
417 418 2 1
417 500 1000 100
418 419 2 1
418 500 1000 100
419 420 2 1
419 500 1000 100
420 421 2 1
420 500 1000 100
421 422 2 1
421 500 1000 100
422 423 2 1
422 500 1000 100
423 424 2 1
423 500 1000 100
424 425 2 1
424 500 1000 100
425 426 2 1
425 500 1000 100
426 427 2 1
426 500 1000 100
427 428 2 1
427 500 1000 100
428 429 2 1
428 500 1000 100
429 430 2 1
429 500 1000 100
430 431 2 1
430 500 1000 100
431 432 2 1
431 500 1000 100
432 433 2 1
432 500 1000 100
433 434 2 1
433 500 1000 100
434 435 2 1
434 500 1000 100
435 436 2 1
435 500 1000 100
436 437 2 1
436 500 1000 100
437 438 2 1
437 500 1000 100
438 439 2 1
438 500 1000 100
439 440 2 1
439 500 1000 100
440 441 2 1
440 500 1000 100
441 442 2 1
441 500 1000 100
442 443 2 1
442 500 1000 100
443 444 2 1
443 500 1000 100
444 445 2 1
444 500 1000 100
445 446 2 1
445 500 1000 100
446 447 2 1
446 500 1000 100
447 448 2 1
447 500 1000 100
448 449 2 1
448 500 1000 100
449 450 2 1
449 500 1000 100
450 451 2 1
450 500 1000 100
451 452 2 1
451 500 1000 100
452 453 2 1
452 500 1000 100
453 454 2 1
453 500 1000 100
454 455 2 1
454 500 1000 100
455 456 2 1
455 500 1000 100
456 457 2 1
456 500 1000 100
457 458 2 1
457 500 1000 100
458 459 2 1
458 500 1000 100
459 460 2 1
459 500 1000 100
460 461 2 1
460 500 1000 100
461 462 2 1
461 500 1000 100
462 463 2 1
462 500 1000 100
463 464 2 1
463 500 1000 100
464 465 2 1
464 500 1000 100
465 466 2 1
465 500 1000 100
466 467 2 1
466 500 1000 100
467 468 2 1
467 500 1000 100
468 469 2 1
468 500 1000 100
469 470 2 1
469 500 1000 100
470 471 2 1
470 500 1000 100
471 472 2 1
471 500 1000 100
472 473 2 1
472 500 1000 100
473 474 2 1
473 500 1000 100
474 475 2 1
474 500 1000 100
475 476 2 1
475 500 1000 100
476 477 2 1
476 500 1000 100
477 478 2 1
477 500 1000 100
478 479 2 1
478 500 1000 100
479 480 2 1
479 500 1000 100
480 481 2 1
480 500 1000 100
481 482 2 1
481 500 1000 100
482 483 2 1
482 500 1000 100
483 484 2 1
483 500 1000 100
484 485 2 1
484 500 1000 100
485 486 2 1
485 500 1000 100
486 487 2 1
486 500 1000 100
487 488 2 1
487 500 1000 100
488 489 2 1
488 500 1000 100
489 490 2 1
489 500 1000 100
490 491 2 1
490 500 1000 100
491 492 2 1
491 500 1000 100
492 493 2 1
492 500 1000 100
493 494 2 1
493 500 1000 100
494 495 2 1
494 500 1000 100
495 496 2 1
495 500 1000 100
496 497 2 1
496 500 1000 100
497 498 2 1
497 500 1000 100
498 499 2 1
498 500 1000 100
499 500 2 1
499 500 1000 100
