159 317 799
1 3 3 63
1 124 399 61
2 16 104 66
3 149 181 75
3 96 250 62
4 18 255 83
4 10 71 83
5 80 86 82
5 97 142 53
5 57 244 58
5 26 137 54
5 155 237 74
5 62 241 57
6 113 85 100
6 125 147 62
6 80 166 57
7 38 199 80
9 5 240 69
9 149 355 52
10 52 214 57
11 111 335 68
11 97 175 57
12 98 274 90
12 1 132 75
12 65 238 70
13 51 201 64
13 149 113 73
14 95 223 89
14 38 223 79
15 103 304 88
15 149 97 88
18 145 258 70
18 69 277 69
19 81 129 72
19 33 195 65
20 66 333 99
20 13 187 89
21 135 247 93
21 63 320 79
21 133 288 56
21 90 8 71
22 19 111 78
22 62 78 59
23 29 19 56
23 123 302 94
23 122 250 76
24 3 281 74
24 73 165 67
24 49 309 77
24 8 273 62
25 96 218 87
26 52 111 84
26 78 43 58
26 23 128 71
26 42 370 82
27 96 119 66
28 146 26 99
29 78 317 85
29 109 249 85
29 42 62 72
30 97 149 80
30 49 334 67
30 138 249 71
31 130 221 69
32 100 62 70
32 56 243 69
33 129 330 100
33 155 115 96
33 10 388 53
36 111 302 83
36 63 361 73
36 55 99 68
40 55 195 72
41 137 197 73
41 119 305 86
41 125 397 91
42 93 2 63
42 8 246 90
43 85 103 94
43 77 330 60
43 102 59 78
44 17 228 76
45 157 247 59
45 24 74 80
45 58 293 91
46 94 230 90
46 143 390 74
47 7 106 71
47 139 254 90
47 72 76 76
48 73 307 58
48 127 40 91
49 22 272 62
49 97 287 69
49 119 351 97
49 90 8 60
49 139 388 66
50 107 93 91
51 110 327 58
51 55 16 57
52 134 199 81
52 121 321 73
53 59 374 93
53 12 73 88
53 51 257 100
54 32 265 96
54 49 313 79
55 71 39 62
55 72 110 72
56 140 16 60
56 73 13 69
56 116 320 90
56 51 147 79
57 111 4 71
58 9 310 100
59 117 126 83
60 153 10 96
61 9 263 63
62 85 142 69
62 156 255 89
63 148 306 77
64 99 194 100
65 100 84 100
65 93 137 55
66 104 78 92
66 46 366 62
66 28 283 86
66 133 12 65
67 120 295 98
67 122 73 80
67 60 390 84
68 51 133 83
68 127 156 80
68 111 87 75
69 34 232 95
69 48 307 56
69 145 324 80
70 22 195 74
70 135 47 80
70 155 128 56
71 151 340 95
71 96 113 52
72 111 220 85
72 31 321 92
73 137 152 98
73 16 229 53
74 72 52 86
74 148 180 59
75 30 317 53
75 108 388 77
75 103 111 64
75 111 160 88
75 152 336 88
76 113 386 53
76 8 3 60
76 85 400 96
76 151 320 63
76 31 239 85
77 49 380 70
78 85 31 85
78 133 147 54
78 95 95 70
79 119 287 65
80 100 267 78
80 93 16 80
81 110 164 95
81 136 272 84
81 29 135 62
81 34 219 78
81 15 136 55
84 26 13 69
84 35 101 74
85 130 145 93
85 52 69 64
85 81 35 98
86 68 51 55
86 56 20 90
86 80 383 62
86 41 323 79
89 32 102 55
89 33 297 81
91 23 103 63
91 8 225 58
91 44 364 96
92 116 232 76
93 125 18 52
93 36 241 89
94 24 333 69
95 43 334 70
95 104 196 53
97 140 23 63
97 66 230 86
97 125 350 89
98 142 35 66
99 120 95 95
101 124 329 52
101 79 388 82
101 145 330 94
102 2 190 91
102 17 99 61
103 79 153 65
104 23 5 98
104 144 216 58
105 67 372 75
105 38 300 77
105 3 24 71
105 11 371 62
105 103 247 79
106 1 259 89
106 52 334 91
108 38 368 61
109 159 271 84
109 8 221 65
110 4 124 52
111 18 195 83
111 77 21 81
111 156 170 61
112 73 368 52
112 70 142 70
112 48 33 56
112 67 187 78
114 5 178 97
114 122 191 52
115 14 102 66
115 47 25 95
116 54 215 83
116 151 149 52
116 115 146 75
116 120 250 67
117 4 78 83
117 66 24 96
117 105 196 53
117 16 157 94
117 30 1 85
117 42 317 58
118 142 19 76
119 11 76 64
119 146 248 87
120 49 242 59
120 73 338 60
120 138 34 78
121 125 148 69
121 142 139 74
121 74 281 60
122 159 256 66
122 61 95 98
122 19 285 83
122 24 383 73
122 113 7 73
124 99 281 59
124 46 290 79
124 21 75 59
126 64 117 71
127 40 60 85
128 141 91 84
128 87 258 54
128 24 36 56
129 69 91 70
129 110 97 71
130 105 367 63
130 54 353 89
130 63 185 87
130 115 132 87
131 23 66 75
132 107 97 68
133 52 300 80
133 45 46 73
134 37 194 76
134 11 280 90
135 123 345 68
135 34 126 82
136 90 116 57
136 20 2 94
138 11 219 62
138 147 78 80
138 53 303 64
139 6 173 71
139 142 212 51
140 47 11 69
140 95 253 55
140 18 158 90
141 35 399 65
142 10 320 98
142 125 246 68
142 63 301 61
143 61 338 80
143 31 249 72
143 129 20 82
145 131 85 67
145 55 393 96
145 34 84 75
145 50 389 58
145 112 126 71
146 154 17 91
146 108 318 59
147 65 346 71
148 38 172 96
150 87 145 57
151 120 273 59
151 62 8 54
151 19 293 80
151 43 159 96
151 3 358 79
151 122 144 53
152 118 33 69
152 109 303 86
155 118 178 94
156 88 328 81
156 137 268 86
156 26 306 86
157 41 72 79
157 106 101 51
158 153 17 69
158 125 318 57
158 97 90 57
159 82 28 82
159 134 208 61
