500 998 1000
1 2 2 3
2 1 1 1
2 3 2 3
3 2 1 1
3 4 2 3
4 3 1 1
4 5 2 3
5 4 1 1
5 6 2 3
6 5 1 1
6 7 2 3
7 6 1 1
7 8 2 3
8 7 1 1
8 9 2 3
9 8 1 1
9 10 2 3
10 9 1 1
10 11 2 3
11 10 1 1
11 12 2 3
12 11 1 1
12 13 2 3
13 12 1 1
13 14 2 3
14 13 1 1
14 15 2 3
15 14 1 1
15 16 2 3
16 15 1 1
16 17 2 3
17 16 1 1
17 18 2 3
18 17 1 1
18 19 2 3
19 18 1 1
19 20 2 3
20 19 1 1
20 21 2 3
21 20 1 1
21 22 2 3
22 21 1 1
22 23 2 3
23 22 1 1
23 24 2 3
24 23 1 1
24 25 2 3
25 24 1 1
25 26 2 3
26 25 1 1
26 27 2 3
27 26 1 1
27 28 2 3
28 27 1 1
28 29 2 3
29 28 1 1
29 30 2 3
30 29 1 1
30 31 2 3
31 30 1 1
31 32 2 3
32 31 1 1
32 33 2 3
33 32 1 1
33 34 2 3
34 33 1 1
34 35 2 3
35 34 1 1
35 36 2 3
36 35 1 1
36 37 2 3
37 36 1 1
37 38 2 3
38 37 1 1
38 39 2 3
39 38 1 1
39 40 2 3
40 39 1 1
40 41 2 3
41 40 1 1
41 42 2 3
42 41 1 1
42 43 2 3
43 42 1 1
43 44 2 3
44 43 1 1
44 45 2 3
45 44 1 1
45 46 2 3
46 45 1 1
46 47 2 3
47 46 1 1
47 48 2 3
48 47 1 1
48 49 2 3
49 48 1 1
49 50 2 3
50 49 1 1
50 51 2 3
51 50 1 1
51 52 2 3
52 51 1 1
52 53 2 3
53 52 1 1
53 54 2 3
54 53 1 1
54 55 2 3
55 54 1 1
55 56 2 3
56 55 1 1
56 57 2 3
57 56 1 1
57 58 2 3
58 57 1 1
58 59 2 3
59 58 1 1
59 60 2 3
60 59 1 1
60 61 2 3
61 60 1 1
61 62 2 3
62 61 1 1
62 63 2 3
63 62 1 1
63 64 2 3
64 63 1 1
64 65 2 3
65 64 1 1
65 66 2 3
66 65 1 1
66 67 2 3
67 66 1 1
67 68 2 3
68 67 1 1
68 69 2 3
69 68 1 1
69 70 2 3
70 69 1 1
70 71 2 3
71 70 1 1
71 72 2 3
72 71 1 1
72 73 2 3
73 72 1 1
73 74 2 3
74 73 1 1
74 75 2 3
75 74 1 1
75 76 2 3
76 75 1 1
76 77 2 3
77 76 1 1
77 78 2 3
78 77 1 1
78 79 2 3
79 78 1 1
79 80 2 3
80 79 1 1
80 81 2 3
81 80 1 1
81 82 2 3
82 81 1 1
82 83 2 3
83 82 1 1
83 84 2 3
84 83 1 1
84 85 2 3
85 84 1 1
85 86 2 3
86 85 1 1
86 87 2 3
87 86 1 1
87 88 2 3
88 87 1 1
88 89 2 3
89 88 1 1
89 90 2 3
90 89 1 1
90 91 2 3
91 90 1 1
91 92 2 3
92 91 1 1
92 93 2 3
93 92 1 1
93 94 2 3
94 93 1 1
94 95 2 3
95 94 1 1
95 96 2 3
96 95 1 1
96 97 2 3
97 96 1 1
97 98 2 3
98 97 1 1
98 99 2 3
99 98 1 1
99 100 2 3
100 99 1 1
100 101 2 3
101 100 1 1
101 102 2 3
102 101 1 1
102 103 2 3
103 102 1 1
103 104 2 3
104 103 1 1
104 105 2 3
105 104 1 1
105 106 2 3
106 105 1 1
106 107 2 3
107 106 1 1
107 108 2 3
108 107 1 1
108 109 2 3
109 108 1 1
109 110 2 3
110 109 1 1
110 111 2 3
111 110 1 1
111 112 2 3
112 111 1 1
112 113 2 3
113 112 1 1
113 114 2 3
114 113 1 1
114 115 2 3
115 114 1 1
115 116 2 3
116 115 1 1
116 117 2 3
117 116 1 1
117 118 2 3
118 117 1 1
118 119 2 3
119 118 1 1
119 120 2 3
120 119 1 1
120 121 2 3
121 120 1 1
121 122 2 3
122 121 1 1
122 123 2 3
123 122 1 1
123 124 2 3
124 123 1 1
124 125 2 3
125 124 1 1
125 126 2 3
126 125 1 1
126 127 2 3
127 126 1 1
127 128 2 3
128 127 1 1
128 129 2 3
129 128 1 1
129 130 2 3
130 129 1 1
130 131 2 3
131 130 1 1
131 132 2 3
132 131 1 1
132 133 2 3
133 132 1 1
133 134 2 3
134 133 1 1
134 135 2 3
135 134 1 1
135 136 2 3
136 135 1 1
136 137 2 3
137 136 1 1
137 138 2 3
138 137 1 1
138 139 2 3
139 138 1 1
139 140 2 3
140 139 1 1
140 141 2 3
141 140 1 1
141 142 2 3
142 141 1 1
142 143 2 3
143 142 1 1
143 144 2 3
144 143 1 1
144 145 2 3
145 144 1 1
145 146 2 3
146 145 1 1
146 147 2 3
147 146 1 1
147 148 2 3
148 147 1 1
148 149 2 3
149 148 1 1
149 150 2 3
150 149 1 1
150 151 2 3
151 150 1 1
151 152 2 3
152 151 1 1
152 153 2 3
153 152 1 1
153 154 2 3
154 153 1 1
154 155 2 3
155 154 1 1
155 156 2 3
156 155 1 1
156 157 2 3
157 156 1 1
157 158 2 3
158 157 1 1
158 159 2 3
159 158 1 1
159 160 2 3
160 159 1 1
160 161 2 3
161 160 1 1
161 162 2 3
162 161 1 1
162 163 2 3
163 162 1 1
163 164 2 3
164 163 1 1
164 165 2 3
165 164 1 1
165 166 2 3
166 165 1 1
166 167 2 3
167 166 1 1
167 168 2 3
168 167 1 1
168 169 2 3
169 168 1 1
169 170 2 3
170 169 1 1
170 171 2 3
171 170 1 1
171 172 2 3
172 171 1 1
172 173 2 3
173 172 1 1
173 174 2 3
174 173 1 1
174 175 2 3
175 174 1 1
175 176 2 3
176 175 1 1
176 177 2 3
177 176 1 1
177 178 2 3
178 177 1 1
178 179 2 3
179 178 1 1
179 180 2 3
180 179 1 1
180 181 2 3
181 180 1 1
181 182 2 3
182 181 1 1
182 183 2 3
183 182 1 1
183 184 2 3
184 183 1 1
184 185 2 3
185 184 1 1
185 186 2 3
186 185 1 1
186 187 2 3
187 186 1 1
187 188 2 3
188 187 1 1
188 189 2 3
189 188 1 1
189 190 2 3
190 189 1 1
190 191 2 3
191 190 1 1
191 192 2 3
192 191 1 1
192 193 2 3
193 192 1 1
193 194 2 3
194 193 1 1
194 195 2 3
195 194 1 1
195 196 2 3
196 195 1 1
196 197 2 3
197 196 1 1
197 198 2 3
198 197 1 1
198 199 2 3
199 198 1 1
199 200 2 3
200 199 1 1
200 201 2 3
201 200 1 1
201 202 2 3
202 201 1 1
202 203 2 3
203 202 1 1
203 204 2 3
204 203 1 1
204 205 2 3
205 204 1 1
205 206 2 3
206 205 1 1
206 207 2 3
207 206 1 1
207 208 2 3
208 207 1 1
208 209 2 3
209 208 1 1
209 210 2 3
210 209 1 1
210 211 2 3
211 210 1 1
211 212 2 3
212 211 1 1
212 213 2 3
213 212 1 1
213 214 2 3
214 213 1 1
214 215 2 3
215 214 1 1
215 216 2 3
216 215 1 1
216 217 2 3
217 216 1 1
217 218 2 3
218 217 1 1
218 219 2 3
219 218 1 1
219 220 2 3
220 219 1 1
220 221 2 3
221 220 1 1
221 222 2 3
222 221 1 1
222 223 2 3
223 222 1 1
223 224 2 3
224 223 1 1
224 225 2 3
225 224 1 1
225 226 2 3
226 225 1 1
226 227 2 3
227 226 1 1
227 228 2 3
228 227 1 1
228 229 2 3
229 228 1 1
229 230 2 3
230 229 1 1
230 231 2 3
231 230 1 1
231 232 2 3
232 231 1 1
232 233 2 3
233 232 1 1
233 234 2 3
234 233 1 1
234 235 2 3
235 234 1 1
235 236 2 3
236 235 1 1
236 237 2 3
237 236 1 1
237 238 2 3
238 237 1 1
238 239 2 3
239 238 1 1
239 240 2 3
240 239 1 1
240 241 2 3
241 240 1 1
241 242 2 3
242 241 1 1
242 243 2 3
243 242 1 1
243 244 2 3
244 243 1 1
244 245 2 3
245 244 1 1
245 246 2 3
246 245 1 1
246 247 2 3
247 246 1 1
247 248 2 3
248 247 1 1
248 249 2 3
249 248 1 1
249 250 2 3
250 249 1 1
250 251 2 3
251 250 1 1
251 252 2 3
252 251 1 1
252 253 2 3
253 252 1 1
253 254 2 3
254 253 1 1
254 255 2 3
255 254 1 1
255 256 2 3
256 255 1 1
256 257 2 3
257 256 1 1
257 258 2 3
258 257 1 1
258 259 2 3
259 258 1 1
259 260 2 3
260 259 1 1
260 261 2 3
261 260 1 1
261 262 2 3
262 261 1 1
262 263 2 3
263 262 1 1
263 264 2 3
264 263 1 1
264 265 2 3
265 264 1 1
265 266 2 3
266 265 1 1
266 267 2 3
267 266 1 1
267 268 2 3
268 267 1 1
268 269 2 3
269 268 1 1
269 270 2 3
270 269 1 1
270 271 2 3
271 270 1 1
271 272 2 3
272 271 1 1
272 273 2 3
273 272 1 1
273 274 2 3
274 273 1 1
274 275 2 3
275 274 1 1
275 276 2 3
276 275 1 1
276 277 2 3
277 276 1 1
277 278 2 3
278 277 1 1
278 279 2 3
279 278 1 1
279 280 2 3
280 279 1 1
280 281 2 3
281 280 1 1
281 282 2 3
282 281 1 1
282 283 2 3
283 282 1 1
283 284 2 3
284 283 1 1
284 285 2 3
285 284 1 1
285 286 2 3
286 285 1 1
286 287 2 3
287 286 1 1
287 288 2 3
288 287 1 1
288 289 2 3
289 288 1 1
289 290 2 3
290 289 1 1
290 291 2 3
291 290 1 1
291 292 2 3
292 291 1 1
292 293 2 3
293 292 1 1
293 294 2 3
294 293 1 1
294 295 2 3
295 294 1 1
295 296 2 3
296 295 1 1
296 297 2 3
297 296 1 1
297 298 2 3
298 297 1 1
298 299 2 3
299 298 1 1
299 300 2 3
300 299 1 1
300 301 2 3
301 300 1 1
301 302 2 3
302 301 1 1
302 303 2 3
303 302 1 1
303 304 2 3
304 303 1 1
304 305 2 3
305 304 1 1
305 306 2 3
306 305 1 1
306 307 2 3
307 306 1 1
307 308 2 3
308 307 1 1
308 309 2 3
309 308 1 1
309 310 2 3
310 309 1 1
310 311 2 3
311 310 1 1
311 312 2 3
312 311 1 1
312 313 2 3
313 312 1 1
313 314 2 3
314 313 1 1
314 315 2 3
315 314 1 1
315 316 2 3
316 315 1 1
316 317 2 3
317 316 1 1
317 318 2 3
318 317 1 1
318 319 2 3
319 318 1 1
319 320 2 3
320 319 1 1
320 321 2 3
321 320 1 1
321 322 2 3
322 321 1 1
322 323 2 3
323 322 1 1
323 324 2 3
324 323 1 1
324 325 2 3
325 324 1 1
325 326 2 3
326 325 1 1
326 327 2 3
327 326 1 1
327 328 2 3
328 327 1 1
328 329 2 3
329 328 1 1
329 330 2 3
330 329 1 1
330 331 2 3
331 330 1 1
331 332 2 3
332 331 1 1
332 333 2 3
333 332 1 1
333 334 2 3
334 333 1 1
334 335 2 3
335 334 1 1
335 336 2 3
336 335 1 1
336 337 2 3
337 336 1 1
337 338 2 3
338 337 1 1
338 339 2 3
339 338 1 1
339 340 2 3
340 339 1 1
340 341 2 3
341 340 1 1
341 342 2 3
342 341 1 1
342 343 2 3
343 342 1 1
343 344 2 3
344 343 1 1
344 345 2 3
345 344 1 1
345 346 2 3
346 345 1 1
346 347 2 3
347 346 1 1
347 348 2 3
348 347 1 1
348 349 2 3
349 348 1 1
349 350 2 3
350 349 1 1
350 351 2 3
351 350 1 1
351 352 2 3
352 351 1 1
352 353 2 3
353 352 1 1
353 354 2 3
354 353 1 1
354 355 2 3
355 354 1 1
355 356 2 3
356 355 1 1
356 357 2 3
357 356 1 1
357 358 2 3
358 357 1 1
358 359 2 3
359 358 1 1
359 360 2 3
360 359 1 1
360 361 2 3
361 360 1 1
361 362 2 3
362 361 1 1
362 363 2 3
363 362 1 1
363 364 2 3
364 363 1 1
364 365 2 3
365 364 1 1
365 366 2 3
366 365 1 1
366 367 2 3
367 366 1 1
367 368 2 3
368 367 1 1
368 369 2 3
369 368 1 1
369 370 2 3
370 369 1 1
370 371 2 3
371 370 1 1
371 372 2 3
372 371 1 1
372 373 2 3
373 372 1 1
373 374 2 3
374 373 1 1
374 375 2 3
375 374 1 1
375 376 2 3
376 375 1 1
376 377 2 3
377 376 1 1
377 378 2 3
378 377 1 1
378 379 2 3
379 378 1 1
379 380 2 3
380 379 1 1
380 381 2 3
381 380 1 1
381 382 2 3
382 381 1 1
382 383 2 3
383 382 1 1
383 384 2 3
384 383 1 1
384 385 2 3
385 384 1 1
385 386 2 3
386 385 1 1
386 387 2 3
387 386 1 1
387 388 2 3
388 387 1 1
388 389 2 3
389 388 1 1
389 390 2 3
390 389 1 1
390 391 2 3
391 390 1 1
391 392 2 3
392 391 1 1
392 393 2 3
393 392 1 1
393 394 2 3
394 393 1 1
394 395 2 3
395 394 1 1
395 396 2 3
396 395 1 1
396 397 2 3
397 396 1 1
397 398 2 3
398 397 1 1
398 399 2 3
399 398 1 1
399 400 2 3
400 399 1 1
400 401 2 3
401 400 1 1
401 402 2 3
402 401 1 1
402 403 2 3
403 402 1 1
403 404 2 3
404 403 1 1
404 405 2 3
405 404 1 1
405 406 2 3
406 405 1 1
406 407 2 3
407 406 1 1
407 408 2 3
408 407 1 1
408 409 2 3
409 408 1 1
409 410 2 3
410 409 1 1
410 411 2 3
411 410 1 1
411 412 2 3
412 411 1 1
412 413 2 3
413 412 1 1
413 414 2 3
414 413 1 1
414 415 2 3
415 414 1 1
415 416 2 3
416 415 1 1
416 417 2 3
417 416 1 1
417 418 2 3
418 417 1 1
418 419 2 3
419 418 1 1
419 420 2 3
420 419 1 1
420 421 2 3
421 420 1 1
421 422 2 3
422 421 1 1
422 423 2 3
423 422 1 1
423 424 2 3
424 423 1 1
424 425 2 3
425 424 1 1
425 426 2 3
426 425 1 1
426 427 2 3
427 426 1 1
427 428 2 3
428 427 1 1
428 429 2 3
429 428 1 1
429 430 2 3
430 429 1 1
430 431 2 3
431 430 1 1
431 432 2 3
432 431 1 1
432 433 2 3
433 432 1 1
433 434 2 3
434 433 1 1
434 435 2 3
435 434 1 1
435 436 2 3
436 435 1 1
436 437 2 3
437 436 1 1
437 438 2 3
438 437 1 1
438 439 2 3
439 438 1 1
439 440 2 3
440 439 1 1
440 441 2 3
441 440 1 1
441 442 2 3
442 441 1 1
442 443 2 3
443 442 1 1
443 444 2 3
444 443 1 1
444 445 2 3
445 444 1 1
445 446 2 3
446 445 1 1
446 447 2 3
447 446 1 1
447 448 2 3
448 447 1 1
448 449 2 3
449 448 1 1
449 450 2 3
450 449 1 1
450 451 2 3
451 450 1 1
451 452 2 3
452 451 1 1
452 453 2 3
453 452 1 1
453 454 2 3
454 453 1 1
454 455 2 3
455 454 1 1
455 456 2 3
456 455 1 1
456 457 2 3
457 456 1 1
457 458 2 3
458 457 1 1
458 459 2 3
459 458 1 1
459 460 2 3
460 459 1 1
460 461 2 3
461 460 1 1
461 462 2 3
462 461 1 1
462 463 2 3
463 462 1 1
463 464 2 3
464 463 1 1
464 465 2 3
465 464 1 1
465 466 2 3
466 465 1 1
466 467 2 3
467 466 1 1
467 468 2 3
468 467 1 1
468 469 2 3
469 468 1 1
469 470 2 3
470 469 1 1
470 471 2 3
471 470 1 1
471 472 2 3
472 471 1 1
472 473 2 3
473 472 1 1
473 474 2 3
474 473 1 1
474 475 2 3
475 474 1 1
475 476 2 3
476 475 1 1
476 477 2 3
477 476 1 1
477 478 2 3
478 477 1 1
478 479 2 3
479 478 1 1
479 480 2 3
480 479 1 1
480 481 2 3
481 480 1 1
481 482 2 3
482 481 1 1
482 483 2 3
483 482 1 1
483 484 2 3
484 483 1 1
484 485 2 3
485 484 1 1
485 486 2 3
486 485 1 1
486 487 2 3
487 486 1 1
487 488 2 3
488 487 1 1
488 489 2 3
489 488 1 1
489 490 2 3
490 489 1 1
490 491 2 3
491 490 1 1
491 492 2 3
492 491 1 1
492 493 2 3
493 492 1 1
493 494 2 3
494 493 1 1
494 495 2 3
495 494 1 1
495 496 2 3
496 495 1 1
496 497 2 3
497 496 1 1
497 498 2 3
498 497 1 1
498 499 2 3
499 498 1 1
499 500 2 3
500 499 1 1
