285 570 569
1 229 95 80
1 251 44 60
1 59 126 76
2 112 171 100
2 81 187 71
3 164 22 71
4 104 25 79
4 241 24 87
6 230 139 63
6 268 202 76
6 259 116 53
6 61 285 83
7 84 169 51
7 161 381 79
8 251 261 75
8 51 120 74
8 81 336 75
9 276 21 68
9 249 68 87
10 147 220 73
10 105 272 76
10 193 123 60
10 57 50 77
10 93 195 63
11 72 115 51
12 91 25 67
12 199 354 56
12 29 236 60
13 276 126 88
13 79 246 63
14 29 250 100
14 90 107 90
14 242 399 63
15 174 251 56
15 164 356 54
15 7 15 69
17 193 50 83
17 137 309 93
18 265 381 89
18 145 126 90
18 160 250 74
19 85 179 94
20 244 176 70
20 68 270 73
21 46 381 86
21 226 326 79
21 44 374 83
21 174 322 70
22 144 96 86
22 133 43 80
22 103 61 78
23 41 32 84
23 71 2 87
23 74 273 55
23 202 172 65
23 147 112 53
24 187 191 93
24 211 256 51
24 136 252 58
25 89 368 54
26 225 43 82
26 124 354 97
26 117 12 61
27 255 279 65
27 228 336 69
27 67 343 76
27 254 130 60
28 196 378 64
28 175 347 95
29 195 65 74
29 248 272 97
29 62 8 99
29 130 80 84
30 119 203 88
31 234 52 92
33 182 278 69
33 274 234 70
33 184 135 74
34 5 16 88
34 197 7 64
35 63 11 52
35 110 253 86
36 224 391 71
36 232 260 65
36 97 62 66
37 17 11 82
38 69 131 69
39 1 234 83
39 281 269 87
40 193 16 55
41 57 288 60
41 103 116 65
41 240 134 60
41 152 93 54
44 37 284 71
47 74 105 69
48 86 293 96
49 85 88 60
49 141 181 89
49 87 315 87
50 154 62 56
50 103 299 69
50 248 314 63
50 175 176 79
51 82 310 86
51 116 187 82
52 40 295 77
52 193 59 74
53 221 241 94
53 10 39 56
53 206 5 65
53 143 229 92
55 41 41 53
55 208 113 54
55 244 117 76
55 88 257 64
56 159 189 71
57 249 209 64
57 173 192 65
58 176 263 79
58 40 211 95
59 14 30 54
60 128 51 93
61 219 339 79
61 85 92 67
62 121 342 57
63 166 16 82
64 186 372 99
65 75 375 57
65 281 117 87
67 56 33 59
67 77 117 78
69 225 247 62
69 47 46 52
71 155 347 79
71 116 356 71
71 232 319 59
71 46 115 53
72 133 15 87
73 4 318 60
73 112 39 51
73 258 146 53
74 209 57 70
74 168 236 75
75 99 239 93
76 61 1 97
77 133 277 97
77 244 182 82
78 81 139 54
79 41 335 80
80 213 340 74
80 74 42 98
81 42 378 91
81 258 191 100
82 173 43 79
83 3 182 96
83 186 37 67
84 68 103 79
84 111 8 52
85 109 305 71
86 188 248 60
86 34 54 64
86 56 352 86
86 231 279 91
86 127 363 65
87 224 351 51
87 15 154 88
87 48 125 58
87 15 85 70
87 269 176 74
88 153 379 88
89 148 261 80
89 106 292 82
90 265 293 72
90 181 238 79
90 42 275 69
90 37 304 68
91 174 261 91
92 109 228 55
92 136 143 99
93 152 259 68
94 249 131 88
94 201 110 97
94 28 254 65
94 226 93 82
96 221 15 77
96 106 157 91
97 138 367 97
97 164 257 69
97 226 172 93
97 227 193 94
98 263 398 87
99 158 147 88
99 206 334 78
99 38 227 60
99 192 43 100
100 34 13 55
100 58 166 75
100 141 355 90
100 103 236 68
101 240 2 100
101 210 104 59
102 97 257 64
102 131 349 86
103 38 64 81
103 194 329 75
103 238 62 52
104 268 159 81
104 87 128 62
106 171 120 80
107 197 69 62
107 158 370 89
107 116 86 79
108 175 171 98
108 82 249 84
109 144 100 89
109 49 293 63
110 77 282 75
111 13 220 87
111 102 101 73
111 73 367 65
112 273 61 72
113 97 186 64
113 198 337 73
113 120 33 65
114 283 96 70
115 238 59 70
115 90 142 98
115 280 36 63
117 69 230 93
117 48 103 69
117 85 74 64
119 103 231 71
119 153 195 54
119 246 205 87
120 132 206 92
120 118 284 80
122 25 195 63
124 197 303 76
124 239 269 72
124 167 359 69
124 34 385 64
125 89 333 89
125 124 259 66
126 148 129 79
126 248 229 89
126 238 327 68
127 196 89 63
128 186 86 68
130 270 8 97
131 208 112 82
132 231 325 60
132 233 102 70
133 14 253 96
133 49 136 56
134 272 261 87
136 201 41 87
136 196 202 98
136 250 295 62
136 149 169 94
137 217 98 51
138 219 379 78
138 232 15 96
139 223 259 54
139 244 393 79
139 46 253 64
139 127 380 95
139 72 164 92
141 194 166 73
141 216 91 74
141 255 310 82
141 250 118 81
142 161 323 75
142 244 143 75
142 86 248 56
143 142 121 67
143 101 313 91
144 218 57 100
145 18 138 76
146 130 312 95
146 89 339 58
146 48 130 85
147 81 363 62
147 31 113 80
148 147 13 72
149 95 233 83
149 144 194 66
150 60 57 76
150 134 203 51
151 261 392 53
151 113 234 56
151 222 36 89
151 239 257 53
152 113 235 100
152 22 97 63
152 155 166 74
153 15 349 52
153 12 128 78
153 90 205 92
153 148 223 83
153 257 175 83
154 30 165 57
154 163 28 91
157 29 29 53
158 108 50 83
159 150 76 88
159 4 45 63
159 66 273 59
159 1 300 54
159 24 380 65
160 238 45 77
161 85 206 64
162 236 197 75
162 90 282 62
162 207 240 88
163 278 382 99
163 62 194 57
164 107 239 52
164 124 267 99
165 245 174 99
165 145 316 72
166 95 190 99
166 104 339 67
167 160 36 54
167 153 150 71
169 22 304 91
169 140 210 85
170 226 163 71
171 173 143 52
171 44 224 100
171 77 13 67
171 13 244 90
171 77 83 89
172 25 21 76
173 147 1 68
173 163 219 51
173 157 290 64
174 81 101 67
174 209 373 77
175 200 144 79
176 15 375 70
176 143 232 92
176 173 296 65
177 133 309 53
177 235 95 100
177 272 24 70
177 102 300 73
178 14 368 89
178 16 97 70
178 67 364 91
178 117 123 83
178 61 236 67
180 153 295 99
180 144 324 51
180 226 320 82
180 229 364 66
180 146 292 62
181 178 43 80
181 176 161 80
181 223 37 61
182 117 176 99
183 66 10 65
184 21 203 75
184 251 303 78
185 74 344 60
186 222 341 62
187 114 174 63
187 145 223 55
188 108 132 85
188 122 366 60
188 132 303 90
189 89 384 90
189 34 43 100
189 150 332 69
189 224 339 69
190 125 48 69
190 140 142 83
191 177 147 94
192 164 253 77
192 38 200 81
192 50 348 81
193 224 87 59
193 76 354 73
194 22 51 76
194 228 386 90
195 54 175 90
196 65 94 68
196 63 76 76
196 159 353 51
196 51 45 85
197 248 103 64
197 191 182 98
197 168 281 90
198 186 14 54
199 221 53 62
199 4 280 61
200 217 265 60
200 271 172 78
201 113 120 99
201 216 253 63
202 26 94 65
203 12 167 93
203 87 292 85
203 239 327 83
203 76 128 82
203 241 311 84
203 237 378 60
205 139 166 61
206 153 110 98
206 149 258 60
206 220 229 90
206 100 48 95
207 14 319 90
210 118 104 60
210 264 35 88
210 6 121 74
211 72 273 86
211 260 26 91
211 47 165 71
212 209 382 87
212 95 330 59
213 151 56 91
214 143 152 64
215 169 123 66
215 267 186 54
215 207 334 92
216 105 100 54
217 83 305 76
217 276 255 69
218 130 304 72
219 72 212 55
219 183 57 86
220 231 87 61
221 150 331 75
222 130 285 82
223 217 50 55
223 53 120 100
223 188 356 69
223 102 53 64
226 134 311 58
226 260 327 58
226 52 250 95
227 193 224 72
227 222 238 71
228 206 340 78
228 46 376 58
228 46 14 75
228 103 309 69
230 173 182 92
230 259 130 70
231 37 35 93
231 151 222 98
231 244 310 67
231 258 378 97
232 138 43 77
232 225 283 60
232 59 394 99
232 179 52 53
233 148 135 81
234 1 200 100
234 14 270 77
234 221 339 70
235 108 303 79
235 35 245 62
237 104 91 97
238 214 178 57
238 282 1 70
238 58 228 51
238 29 149 69
239 231 55 92
239 81 127 79
240 114 311 95
240 115 376 70
240 195 13 75
241 70 381 67
242 204 252 61
242 81 198 97
243 179 381 58
243 227 216 56
243 18 323 91
244 92 252 61
244 154 25 78
244 250 303 95
244 132 194 72
245 184 266 95
246 232 168 80
246 97 293 52
246 63 31 91
246 14 47 52
247 122 321 78
247 205 323 70
247 211 208 89
247 140 224 96
247 188 273 67
247 144 217 67
248 259 89 52
248 138 332 94
248 10 202 94
250 237 350 80
250 12 327 51
251 143 196 95
251 17 356 78
251 230 226 67
252 155 162 96
252 231 179 65
252 177 51 83
253 118 315 90
255 182 377 71
255 162 91 70
255 250 202 75
255 180 383 64
255 107 234 81
256 60 400 52
258 54 220 61
258 240 281 83
261 276 236 62
263 213 158 69
263 108 115 55
263 109 269 83
263 7 153 91
263 69 151 94
264 222 127 58
264 212 178 82
264 108 85 73
264 183 392 99
265 30 385 70
265 28 394 64
266 192 325 86
267 24 298 51
268 164 285 74
268 91 351 97
269 184 243 62
269 191 102 87
269 195 89 62
270 64 184 95
270 223 311 81
271 154 3 100
271 212 109 100
271 12 144 85
272 29 396 96
273 138 174 94
273 212 400 82
274 134 262 81
275 129 241 95
276 83 157 81
276 212 37 98
276 8 25 75
277 95 250 60
277 268 18 71
277 255 127 82
277 137 221 79
279 22 210 66
279 199 364 87
279 163 257 73
280 149 357 58
280 268 85 83
280 63 312 82
281 186 265 79
281 169 266 65
282 112 322 76
282 3 181 79
282 115 99 80
282 237 166 58
282 158 160 72
284 277 189 100
284 128 147 90
285 111 361 56
285 7 219 80
285 183 90 91
285 267 229 86
