40 1000 1000
1 36 9 10
1 36 1 7
1 10 5 47
1 10 66 32
1 6 63 10
1 23 19 61
1 6 17 7
1 30 21 5
1 20 1 86
1 6 1 26
1 26 1 49
1 16 1 86
1 29 8 94
1 33 15 73
1 28 33 29
1 36 20 24
1 15 9 59
1 7 1 97
1 12 2 16
1 40 13 58
1 27 25 29
1 8 34 71
1 20 20 15
1 18 34 56
1 35 1 57
1 31 31 89
1 11 2 24
2 28 1 48
2 17 32 69
2 5 7 53
2 12 1 98
2 5 1 7
2 27 76 74
2 21 15 31
2 33 1 27
2 39 53 94
2 10 1 69
2 21 19 48
2 26 36 17
2 36 9 79
2 31 48 28
2 17 45 8
2 11 36 30
2 36 7 21
2 1 3 10
2 11 1 89
2 6 20 30
2 38 67 66
2 26 43 63
2 27 49 90
2 27 45 88
2 16 2 7
2 35 27 52
2 12 4 66
2 25 37 94
2 14 24 37
3 33 22 54
3 11 36 15
3 15 15 72
3 35 49 52
3 10 26 32
3 18 10 89
3 5 25 24
3 21 53 46
3 40 30 73
3 33 44 95
3 22 45 44
3 31 1 19
3 29 11 44
3 24 15 5
3 36 2 57
3 13 26 93
3 20 28 26
3 16 1 61
3 9 10 19
3 23 23 47
3 11 3 77
3 12 35 6
3 40 5 15
3 37 7 92
3 4 59 80
3 10 8 83
3 25 37 94
3 32 5 63
3 24 59 30
4 37 6 56
4 28 44 10
4 33 43 77
4 31 21 20
4 18 33 5
4 38 7 2
4 12 72 66
4 17 12 85
4 17 5 11
4 21 23 96
4 1 36 71
4 36 28 53
4 24 32 68
4 13 27 67
4 3 16 87
4 27 25 23
4 12 19 14
4 19 13 26
4 32 90 4
4 8 7 90
4 21 45 18
4 29 35 44
4 20 14 31
4 30 1 54
4 9 9 77
4 9 48 48
5 16 55 73
5 20 15 21
5 34 5 97
5 31 52 100
5 16 44 79
5 21 23 94
5 17 72 8
5 35 19 84
5 26 13 88
5 39 37 70
5 10 31 81
5 30 51 72
5 19 6 31
5 33 6 73
5 40 28 63
5 16 1 26
5 22 31 15
5 11 13 14
5 8 30 73
5 1 14 66
5 1 12 33
6 18 8 40
6 34 20 82
6 39 47 1
6 1 27 7
6 30 15 58
6 7 54 17
6 20 43 79
6 1 8 30
6 14 55 87
6 40 4 57
6 32 33 71
6 10 44 31
6 14 4 28
6 32 19 93
6 31 56 56
6 36 14 66
6 22 16 24
6 14 43 70
6 29 5 88
6 25 4 13
6 30 47 80
6 8 93 17
6 40 31 81
6 11 41 74
6 26 29 76
6 23 9 34
7 25 57 43
7 34 11 13
7 5 38 47
7 40 16 35
7 8 1 73
7 34 23 76
7 9 1 65
7 25 2 23
7 19 1 47
7 25 33 84
7 3 21 83
7 30 24 81
7 13 10 11
7 27 24 2
7 33 71 62
7 23 1 91
7 39 20 70
7 17 1 28
7 6 33 37
7 6 1 32
7 39 53 81
7 37 53 37
7 8 48 67
7 14 7 28
7 13 80 32
7 22 2 79
8 26 71 17
8 11 25 50
8 31 38 42
8 39 43 35
8 13 1 20
8 19 24 58
8 16 35 27
8 39 51 35
8 32 10 43
8 17 72 86
8 32 18 51
8 39 16 39
8 21 1 11
8 31 22 79
8 39 1 77
8 18 1 56
8 12 1 79
8 10 10 56
8 1 26 89
8 34 37 79
8 30 1 46
8 31 21 49
9 32 24 4
9 32 8 45
9 2 12 21
9 22 28 46
9 16 31 49
9 12 57 41
9 38 4 12
9 8 1 7
9 25 39 54
9 13 4 18
9 40 32 76
9 12 1 68
9 39 58 3
9 25 84 7
9 38 1 89
9 1 68 42
9 8 19 70
9 37 21 57
9 29 15 80
9 5 58 39
9 36 13 88
9 7 59 93
9 2 38 81
9 22 35 3
9 14 28 71
9 24 74 23
9 32 1 42
9 23 27 42
9 18 31 69
10 37 23 12
10 33 12 18
10 3 30 30
10 4 85 43
10 11 2 77
10 38 47 18
10 17 28 55
10 39 9 47
10 18 34 38
10 4 22 91
10 16 2 26
10 29 7 48
10 33 34 57
10 20 5 92
10 14 9 22
10 23 19 49
10 3 43 68
10 19 52 32
10 11 2 11
10 17 26 55
10 16 14 69
10 14 1 30
10 6 6 99
11 34 48 66
11 15 6 41
11 30 44 74
11 6 52 62
11 14 11 16
11 8 3 32
11 34 1 72
11 18 28 29
11 6 1 62
11 32 31 49
11 34 16 69
11 20 13 76
11 30 31 69
11 21 3 2
11 14 32 23
11 8 19 10
11 19 1 24
11 4 25 98
11 27 27 89
11 26 8 40
11 39 29 35
11 15 7 73
11 12 5 97
11 33 30 39
11 17 6 5
11 16 7 31
11 4 41 35
12 28 58 69
12 36 9 8
12 24 12 1
12 34 16 45
12 36 4 41
12 39 9 2
12 37 31 12
12 26 4 21
12 10 71 79
12 38 8 45
12 16 21 57
12 17 36 74
12 36 1 13
12 5 10 67
12 34 14 87
12 22 3 24
12 22 7 23
12 28 5 41
12 40 6 14
12 21 73 93
12 40 44 92
12 27 9 16
12 36 40 45
12 6 13 45
12 30 12 32
12 5 8 45
12 1 10 49
12 33 1 15
12 17 3 19
12 5 18 52
12 2 68 86
12 22 17 86
12 16 31 2
13 14 24 60
13 11 66 74
13 22 19 40
13 5 7 32
13 40 1 15
13 33 25 32
13 4 28 98
13 10 9 62
13 36 43 75
13 29 32 41
13 14 1 47
13 1 90 43
13 3 60 43
13 8 9 66
13 8 70 72
13 7 24 67
13 29 4 55
13 38 57 52
13 32 4 94
13 40 33 26
13 23 12 59
13 19 31 2
13 32 44 43
13 26 3 57
13 1 14 38
13 7 24 97
13 20 81 5
14 27 2 66
14 18 21 83
14 38 54 79
14 19 19 94
14 7 34 28
14 22 14 96
14 1 69 35
14 3 23 16
14 1 8 84
15 1 16 60
15 6 1 47
15 24 27 5
15 37 24 59
15 4 16 78
15 13 1 11
15 23 58 77
15 16 43 33
15 11 30 34
15 13 45 62
15 17 1 48
15 35 77 29
15 35 48 25
15 10 9 49
15 5 7 23
15 1 2 100
15 20 39 71
15 14 18 45
15 35 23 18
15 20 14 21
15 30 52 61
15 32 7 6
15 36 9 90
15 12 16 58
15 36 52 51
15 34 42 25
15 39 8 32
15 7 21 69
15 9 22 10
16 27 37 9
16 31 1 46
16 32 3 42
16 3 1 67
16 12 25 20
16 15 3 39
16 32 20 96
16 26 31 40
16 17 1 51
16 36 68 78
16 15 17 64
16 12 86 70
16 2 1 20
16 30 16 67
16 8 21 55
16 3 1 98
16 9 10 83
16 14 46 69
16 1 10 74
16 18 41 34
16 8 46 20
16 32 49 98
16 2 37 13
17 27 2 84
17 26 31 89
17 2 48 88
17 37 11 27
17 7 1 29
17 12 70 67
17 7 7 64
17 37 7 70
17 19 42 21
17 23 13 67
17 30 5 26
17 23 44 50
17 16 12 2
17 3 1 46
17 24 37 31
17 37 45 84
17 36 13 71
17 29 27 13
17 29 31 32
17 5 22 44
17 19 7 50
17 29 40 16
17 4 43 31
17 1 74 73
17 6 5 88
17 36 30 89
17 39 47 5
17 15 16 53
18 17 40 100
18 39 8 57
18 24 72 56
18 31 65 52
18 39 40 92
18 6 17 29
18 30 8 14
18 16 32 77
18 9 45 20
18 11 26 22
18 16 82 21
18 4 15 59
18 34 24 51
18 31 26 62
18 25 3 50
18 40 64 53
18 2 14 24
18 38 17 6
18 8 89 38
18 12 33 3
18 36 44 52
19 29 11 67
19 30 1 39
19 24 2 47
19 1 1 44
19 24 8 60
19 4 1 76
19 35 96 62
19 39 14 37
19 5 30 52
19 39 9 30
19 2 11 42
19 7 35 10
19 37 58 35
19 7 20 74
19 1 57 75
20 18 49 98
20 17 28 42
20 2 53 91
20 17 35 89
20 1 12 50
20 32 16 63
20 14 67 45
20 40 58 42
20 29 41 49
20 16 16 86
20 29 13 30
20 17 62 89
20 8 56 99
20 3 7 19
20 11 25 28
20 10 25 74
20 14 9 55
20 3 16 40
20 11 37 8
20 29 86 8
20 38 8 92
20 40 9 77
20 12 58 11
20 16 45 8
20 21 27 58
20 14 36 6
20 9 51 60
20 17 1 39
20 14 50 87
20 25 11 69
21 6 50 26
21 15 24 72
21 6 15 65
21 18 58 91
21 38 2 28
21 26 18 86
21 22 1 95
21 19 12 43
21 23 41 32
21 38 1 74
21 19 10 57
21 2 7 86
21 35 4 21
21 6 35 1
21 27 45 60
21 13 2 18
21 15 90 46
21 2 13 31
21 10 22 50
21 40 36 48
21 6 34 1
21 1 7 34
21 31 11 75
21 1 18 98
21 27 8 77
21 9 13 31
21 40 35 71
21 28 9 58
22 6 4 89
22 9 13 36
22 10 27 95
22 27 27 22
22 14 41 30
22 13 63 3
22 39 16 46
22 2 3 49
22 8 58 34
22 40 58 1
22 27 69 26
22 23 6 80
22 35 46 21
22 27 27 96
22 16 85 19
22 40 67 25
22 37 16 29
22 32 43 1
22 26 3 18
22 27 24 55
22 35 10 73
22 17 15 28
22 20 6 19
22 39 16 4
23 2 25 58
23 29 13 42
23 5 18 70
23 4 34 20
23 19 1 97
23 21 31 36
23 11 1 77
23 21 13 11
23 14 27 43
23 6 16 54
23 20 28 64
23 30 24 53
23 14 82 71
23 8 20 22
23 15 71 92
23 30 27 56
23 24 11 23
23 22 24 69
23 19 18 79
23 40 16 14
23 16 63 26
23 7 43 51
23 27 60 79
23 14 68 11
23 17 22 82
23 4 32 78
23 26 47 75
23 11 59 47
23 14 10 64
23 19 45 48
23 33 17 66
24 32 38 44
24 32 94 15
24 5 70 65
24 28 24 30
24 21 7 12
24 30 69 31
24 16 80 74
24 15 34 37
24 28 31 85
24 27 66 95
24 3 1 90
24 26 40 87
24 14 46 41
24 15 67 22
24 15 68 7
24 22 26 43
24 5 22 26
25 40 8 62
25 15 2 88
25 22 6 34
25 3 33 21
25 23 48 98
25 17 5 90
25 20 1 72
25 20 7 60
25 31 23 41
25 15 17 65
25 24 76 8
25 28 1 83
25 20 1 16
25 40 35 44
25 27 1 85
25 37 43 49
25 21 7 57
25 6 1 35
25 35 8 50
25 6 66 19
25 30 39 24
25 33 11 26
25 23 2 82
25 16 22 1
25 4 34 16
25 30 21 62
25 32 8 38
25 5 25 45
25 30 5 23
25 15 19 69
25 18 16 41
25 13 38 35
25 1 37 51
26 23 10 36
26 7 24 68
26 22 36 88
26 14 88 96
26 19 1 36
26 1 9 5
26 19 48 19
26 5 54 61
26 29 1 33
26 20 11 56
26 24 43 69
26 29 64 26
26 13 45 36
26 5 67 40
26 33 17 69
26 24 7 34
26 27 31 67
26 22 2 31
26 10 37 79
26 17 59 91
26 10 32 25
26 19 6 60
26 22 3 48
26 22 16 16
26 7 11 28
26 17 2 73
26 19 1 25
26 17 70 1
26 11 39 31
26 40 1 20
26 35 33 89
26 14 2 13
26 4 10 95
27 18 15 68
27 29 29 47
27 13 24 33
27 26 1 34
27 24 29 75
27 21 15 52
27 29 64 67
27 9 1 90
27 8 1 11
27 32 9 18
27 12 1 79
27 31 42 23
27 35 12 16
27 6 16 3
27 23 57 72
27 33 54 16
27 18 24 30
27 14 15 98
27 4 11 3
27 16 27 11
27 29 57 56
27 17 37 43
27 20 13 31
27 38 13 12
27 34 6 20
27 11 26 30
27 3 4 37
27 11 34 5
27 39 56 58
27 26 15 26
28 10 20 54
28 40 1 30
28 40 29 50
28 8 1 61
28 27 45 89
28 4 67 15
28 15 3 35
28 39 28 82
28 27 47 81
28 14 10 58
28 21 13 54
28 10 42 56
28 1 58 18
28 26 15 85
28 40 42 72
28 1 39 69
28 20 7 69
28 18 2 90
28 7 14 31
28 5 58 26
28 13 6 78
28 34 34 61
28 14 23 62
28 30 27 96
28 4 33 8
28 36 20 18
28 30 1 61
28 33 13 95
28 37 73 3
28 21 5 17
29 33 32 3
29 5 54 34
29 24 19 98
29 33 3 69
29 18 1 83
29 26 33 63
29 11 17 72
29 40 16 95
29 28 19 72
29 24 19 28
29 38 22 49
29 18 5 82
29 26 32 45
29 36 61 12
29 15 59 18
29 26 3 52
29 28 43 58
30 2 36 52
30 39 1 29
30 17 1 62
30 25 44 1
30 31 53 71
30 38 6 74
30 2 7 81
30 21 35 52
30 14 80 16
30 15 17 3
30 8 9 90
30 11 3 8
30 36 32 100
30 23 62 7
30 22 4 36
30 7 76 65
30 32 36 59
30 24 7 7
30 23 29 85
30 32 2 95
30 16 18 71
31 8 1 19
31 34 10 29
31 21 1 51
31 29 4 82
31 19 71 2
31 38 33 77
31 18 14 56
31 39 2 60
31 9 21 35
31 13 1 27
31 27 12 3
31 28 2 60
31 8 38 97
31 12 6 13
31 19 55 67
31 20 3 32
31 2 44 19
31 15 16 95
31 14 8 39
31 7 40 41
31 12 1 47
31 35 19 1
31 38 17 51
31 35 7 6
32 23 8 36
32 34 19 2
32 33 6 56
32 3 35 49
32 18 6 98
32 28 1 38
32 29 7 75
32 30 9 52
32 22 24 27
32 11 12 79
32 30 58 97
32 38 66 79
32 24 8 50
32 37 26 28
32 27 12 51
32 28 23 74
32 37 2 94
32 22 5 55
32 25 30 83
32 38 5 18
32 21 4 26
32 17 6 52
32 39 28 82
32 6 46 20
32 25 43 25
33 27 15 5
33 14 1 77
33 11 21 19
33 22 13 11
33 7 67 44
33 22 36 40
33 16 73 82
33 19 16 90
33 19 5 45
33 19 4 94
33 22 2 27
33 31 34 29
33 12 34 75
33 20 2 7
33 28 7 49
33 2 7 76
33 6 65 77
33 30 6 75
33 38 16 17
33 12 25 14
33 27 38 72
33 20 11 70
33 36 14 95
34 40 10 58
34 16 12 81
34 23 1 58
34 29 31 60
34 40 31 12
34 20 14 55
34 7 18 85
34 37 27 11
34 26 7 4
34 23 2 61
34 19 69 1
34 23 4 28
34 20 6 56
34 6 9 83
34 35 2 6
34 12 28 78
34 4 22 60
34 32 12 60
34 39 1 73
34 28 1 94
35 30 34 4
35 38 23 14
35 24 16 99
35 7 22 27
35 23 1 45
35 12 19 81
35 11 2 21
35 19 6 94
35 32 15 90
35 13 88 98
35 16 13 53
35 13 78 4
35 18 1 21
35 32 87 87
35 18 56 23
35 11 50 37
35 27 1 2
35 16 8 61
36 39 4 71
36 22 77 77
36 12 9 51
36 1 4 28
36 14 6 11
36 25 51 65
36 34 6 37
36 19 29 53
36 8 65 84
36 15 3 52
36 3 1 49
36 8 15 83
36 22 37 47
36 35 26 69
36 30 63 38
36 23 28 86
36 20 10 39
36 14 2 11
36 24 17 11
36 25 47 59
36 22 9 56
36 37 26 77
36 34 42 18
36 10 51 83
36 30 20 62
36 11 11 12
37 36 3 11
37 9 87 27
37 11 93 76
37 9 71 4
37 13 60 62
37 14 33 52
37 11 40 84
37 25 61 14
37 11 62 11
37 40 1 59
37 11 6 23
37 27 37 24
37 38 1 2
37 8 1 64
37 7 24 84
37 30 1 76
37 1 19 96
37 22 1 65
37 24 4 60
37 14 2 11
37 26 3 8
37 23 18 47
38 9 10 100
38 28 10 50
38 15 62 26
38 13 17 11
38 37 11 36
38 30 6 42
38 36 12 83
38 20 3 9
38 18 22 53
38 4 11 9
38 14 11 50
38 22 27 11
38 40 18 30
38 4 13 62
38 36 33 40
38 23 8 55
39 12 40 12
39 9 10 30
39 23 31 37
39 26 41 52
39 1 6 5
39 7 20 49
39 28 2 86
39 6 21 36
39 36 24 1
39 22 30 59
39 10 1 63
39 37 19 66
39 25 39 90
39 17 18 68
39 40 8 37
39 6 30 55
39 11 27 78
39 38 20 36
39 10 5 8
39 26 97 97
39 1 78 64
39 25 6 13
39 27 23 55
39 33 9 74
39 40 25 78
39 33 1 23
39 34 6 79
39 22 2 44
39 21 10 26
39 10 14 44
39 32 32 88
39 37 69 30
39 28 69 97
40 22 11 75
40 19 21 59
40 6 18 31
40 29 21 97
40 32 28 76
40 12 41 89
40 1 67 31
40 37 9 75
40 1 18 98
40 37 5 23
40 32 6 57
40 13 34 84
40 18 37 89
40 21 34 95
40 20 37 87
40 4 20 55
40 12 8 74
40 6 68 73
40 20 3 53
40 12 64 8
40 10 34 70
40 12 1 64
40 17 20 68
40 20 40 20
40 36 37 56
40 11 39 12
40 25 6 45
40 37 72 69
40 14 1 36
